	1	2	3	4	5	6	7	8	9	10	11	12	13
AAAGCGAAGCGATAACACTTTAGG-1_2	0.0	661.2523980951046	8.8630026138131	0.0	0.0	27.278877708578538	11.215910376905903	0.0	5.130514545798705	0.5465449250059773	0.0	0.0	0.0
AAAGGTACAGCCCTTAACTTTAGG-1_2	0.0	604.7494601561756	2.1285550465794447	93.84330958996122	0.0	0.0	0.0	0.0	0.0	0.0	0.0	0.0	12.347623261205928
AAATCACCAATCATCCACTTTAGG-1_2	24.13711614570935	213.0080022998493	8.795240715839642	154.53079785979907	19.297726956444023	24.490757561579024	13.552521053565192	45.0406482938554	8.19687265333199	18.709908356150518	0.0	0.0	9.813861622874558
AAATGAGCATTTGTTGACTTTAGG-1_2	0.0	0.0	0.0	0.0	28.101423114530217	9.32212700421239	10.641576576860558	721.1160369313	0.0	3.049460215697981	18.630438194282707	3.720501227685858	1.3581277844434456
AACCAACAGGACACGCACTTTAGG-1_2	334.97802137369735	26.699715676782287	38.8994765123524	0.0	153.17350699060933	13.905771066731614	35.05974221216927	25.81788032235325	4.524455268697878	3.496413502474031	0.0	13.136934549508494	4.292501735721312
AACCTCATCGAACCTCACTTTAGG-1_2	422.1297002093085	0.0	0.0	85.17724932847752	62.472452725797105	6.9825828255223295	0.0	10.390678340931236	0.0	6.749868512800211	0.0	9.400419450132373	0.0
AACTGAGGTGCTCCAAACTTTAGG-1_2	0.0	0.0	0.0	0.0	816.121094474029	0.0	0.0	0.0	0.0	0.0	0.0	0.0	0.0
AAGACAACAAATAGGAACTTTAGG-1_2	0.0	677.7812187812539	0.0	183.07032552005347	0.0	0.0	0.0	0.41141797154727117	0.0	0.0	0.0	6.910704153761162	0.0
AAGCCTCTCAATTGGAACTTTAGG-1_2	309.2855160706365	51.64764335810075	149.69652894912966	26.995808029774924	26.335401728293114	9.95590490708821	3.3884557715899493	0.0	0.0	14.504833882103169	3.267673283191555	0.0	0.0
AAGCCTGAGTTAGTTCACTTTAGG-1_2	0.0	0.0	22.804367868170903	0.0	2.0519055796060472	0.0	962.8268430122025	9.593140842804345	0.0	0.0	0.0	0.0	0.0
AAGCGGCTCTAATCACACTTTAGG-1_2	29.664272081715836	145.05397083816337	475.77312874899945	0.0	0.0	9.272882714887078	0.0	14.686688314504382	23.86448565996818	0.0	0.0	13.739849651197137	28.590369857748595
AAGGGAGGTGGTTACTACTTTAGG-1_2	0.0	0.0	0.0	0.0	0.0	0.0	0.0	163.56103885512346	218.44496966007628	0.0	124.46419210661772	542.0244419516522	0.0
AAGGGAGGTTGTTCCCACTTTAGG-1_2	0.0	79.11469976632688	25.466153639301336	103.99588970204638	0.0	354.67701187404225	19.00291993777543	0.0	0.0	2.2808302756272583	0.0	0.0	0.0
AAGGTTGGTATGGTCTACTTTAGG-1_2	0.0	75.58712533731092	2.4071285232062634	548.9981107784266	0.0	0.0	29.427843908716707	1.4276098929351753	0.0	52.17408500941502	0.0	0.0	3.894695583791464
AATACTGAGGTCAAGTACTTTAGG-1_2	18.937025428575048	680.6988115399517	0.0	0.0	14.467750676160044	0.0	0.0	0.0	0.0	0.0	0.0	0.0	0.0
AATCACGCATCCTTGGACTTTAGG-1_2	0.0	0.0	800.0889085809426	0.0	4.502271312297931	0.0	0.0	5.22448710051437	0.0	0.0	0.0	0.0	0.0
AATCACGCATTTGGCTACTTTAGG-1_2	0.0	46.0298888590122	47.939724476006795	34.072436379238596	56.35015694933647	29.419896455410317	506.3719483607206	14.336584650297258	0.0	0.0	0.0	44.488827888251855	0.0
AATCGCGAGGTTGCAGACTTTAGG-1_2	1.442142418467873	45.2630225589718	443.05844866274276	0.0	0.0	0.0	0.0	13.08246462663369	0.0	3.422361316381061	1.5188356770263596	4.96172157778237	6.083651834734089
ACAGCGGGTTGCGCTAACTTTAGG-1_2	491.5472884301519	0.0	45.80106136015819	0.0	1.1390901920658558	27.415064967100978	40.19559975225871	2.5083457908728	0.0	22.294142262433848	0.16810774485500043	16.13928504258645	13.89465732836311
ACATACTTCTGGAAACACTTTAGG-1_2	627.1431253711334	0.0	0.0	0.0	20.45773415244807	6.40533409608782	0.0	0.0	2.5642929428011776	0.0035609133358126825	0.0	0.0	0.0
ACCAATCGTTCACTCCACTTTAGG-1_2	0.0	454.8718921129473	0.0	265.09985358688573	34.53497241321197	20.301049778280987	26.449997625374845	21.07057802697804	12.294643682470031	0.0	0.0	0.0	0.0
ACCACGTTCGGGACTAACTTTAGG-1_2	564.7481349669072	14.770122230422517	11.481602272620536	10.919025725882978	16.345565145248997	11.463468463877248	0.0	8.10402631950137	0.0	1.5469034155260022	0.0	0.0	6.219599139508873
ACCGGCTGTTTCCTCAACTTTAGG-1_2	11.352607821875914	321.2704770209973	118.2610901239949	37.0664036542271	0.0	52.566730889495574	0.0	0.0	8.94228972659755	10.331617809631375	0.0	0.0	6.793568577650301
ACCTCTAAGGTAGTTAACTTTAGG-1_2	347.93533333603096	99.30614203328231	39.28053239667873	0.0	62.49241679932306	8.76385259824403	12.643003738127513	2.262754737401387	17.93104811138467	8.373419548879856	10.031604630670662	0.0	6.777007316224277
ACGGTAAGTCAAAGGCACTTTAGG-1_2	516.397723595784	0.0	0.0	0.0	0.0	0.0	0.0	0.0	0.0	34.10099289733792	7.765518096127008	0.0	0.0
ACTAATGAGGAAACTCACTTTAGG-1_2	0.0	404.4723629860286	4.845968654719525	82.14700227018226	0.0	0.0	38.3370672347456	0.0	0.0	1.2404219718684752	0.0	19.244493231031434	11.562510410133902
ACTACAAAGGATTATGACTTTAGG-1_2	35.81510607612492	0.0	583.1558439731127	0.0	0.0	2.6877706896534446	5.342011052671155	0.0	0.0	25.060551534673106	0.0	0.0	48.74463697439806
ACTACTAGTTTGAGCTACTTTAGG-1_2	34.816493923322035	186.5078148015904	0.0	0.0	1.780769675751856	340.45636605964086	0.0	0.0	6.094661804453264	0.0	0.0	0.0	0.0
AGAAGCAAGTCGTTCAACTTTAGG-1_2	44.892444027065835	0.0	0.0	641.7950064099907	0.0	0.0	0.0	0.0	2.791119061284049	13.651095814709008	2.569557766347744	0.0	0.0
AGAAGGTCAGGCTATAACTTTAGG-1_2	0.0	928.6362218277709	0.0	81.42851724218058	0.0	0.0	0.0	0.0	7.35543682232973	6.258251230034181	0.0	0.0	0.0
AGACACTAGCTAGATAACTTTAGG-1_2	930.5839572797738	0.0	0.0	3.250906712349071	0.0	0.0	0.0	0.0	0.0	0.0	0.0	0.0	0.0
AGATTAGTCAACCTCAACTTTAGG-1_2	421.0901323456415	3.4763803034816685	0.0	0.0	0.0	8.031030158889482	48.23219876901166	104.37528653889437	78.17573692648033	9.68117947677228	41.85242780900942	0.0	47.9388450419373
AGCATCCTCATGGAACACTTTAGG-1_2	625.6557685413121	0.0	0.0	0.0	0.0	0.0	0.0	0.0	0.0	6.956229429350354	0.0	0.0	0.0
AGCCATTGTAATCCTAACTTTAGG-1_2	13.930864661023026	47.47539698908977	64.10340543419039	370.1102052293144	11.444411986050524	0.011865162274067722	0.025714303323790717	0.0	0.0	18.755555579992155	0.0	0.0	4.732051103535632
AGCTAAATCGGGACTAACTTTAGG-1_2	0.0	1.7924738350566274	579.6238330729432	25.27576886922849	0.0	7.268451342510246	0.0	0.0	6.203698066941035	0.7430660693103971	0.7858426127454807	0.0	6.390896880818841
AGCTACCTCCGGATAGACTTTAGG-1_2	576.7540967312275	0.0	27.03985610524571	0.0	0.0	0.0	0.0	0.0	0.0	21.78453890230378	5.237628546348316	0.0	9.968205280979573
AGCTATGCAAATACCGACTTTAGG-1_2	494.87675905865757	17.035630514975	24.7422692565288	4.300525956777822	26.729859001374596	6.167276331613838	2.0974247194856326	0.6742230139228492	13.028592176285631	0.2554331290130644	7.033659004858988	5.277428980781744	6.153775292890432
AGCTGGCAGGTGAATCACTTTAGG-1_2	496.72361007280625	9.212876866737266	26.630090937208312	17.020798760786004	42.65950826352959	25.659021047183074	4.790799247981962	16.32416963990376	5.670492560806774	29.86153776111665	0.0	0.7710424949056721	6.208166325801025
AGGGACCTCAGTTAGAACTTTAGG-1_2	16.459770110643266	0.0	673.6835281287684	0.0	6.321741379744037	13.32983491542787	5.625885370652806	17.068204993172714	0.0	9.297132187895382	14.953364696517895	0.0	1.238578363238718
AGGGTGGAGGCCTTCGACTTTAGG-1_2	441.32272685143766	0.0	37.14532412790152	36.37930725978706	6.280952225172631	13.457152820774068	33.51368076250332	14.04950537912311	3.603872857451844	0.0	6.974442137261493	0.0	0.0
AGTAAACGTGACACAAACTTTAGG-1_2	32.04886239823674	105.11971562393072	26.563623828615828	463.0441189687287	41.67242497354768	9.959062004263123	3.7631045983003215	8.740290864511568	0.0	15.926357007594696	0.0	0.0	0.0
AGTAGGCGTACAAACGACTTTAGG-1_2	0.0	647.8529403938126	0.0	46.547979302655	0.0	4.690543053838434	44.74045799079084	6.8385175105625295	1.2281779100839858	0.0	0.7378106077190447	0.0	0.0
AGTGACCCAGAATCGCACTTTAGG-1_2	33.86634117510445	98.9770858042139	390.5162407316501	0.0	13.680978753059494	99.99283956738377	0.0	0.0	15.359114296750176	17.72837443110737	0.0	0.0	76.896772562599
ATAACCAAGGTGAGCCACTTTAGG-1_2	0.0	157.56986147899275	50.76374100197795	459.00688387123495	0.0	0.0	0.0	0.0	0.0	0.0	0.0	9.437254389359047	0.0
ATAAGCCAGAGCAACTACTTTAGG-1_2	4.960524188896235	0.0	663.9859690794536	0.0	0.0	0.0	0.0	0.0	2.1389730950339674	47.263856717331855	17.065086768583377	0.0	0.0
ATAGAAGCAGTGAGGAACTTTAGG-1_2	366.1647899793292	50.28156988452498	58.03090464974257	0.0	45.92989632358771	26.230566220116962	53.1007869338655	3.2472159628262047	10.142651982850676	18.2865019758437	0.0	9.819747366901156	40.843407133881705
ATATAGCCATGGGTTAACTTTAGG-1_2	9.069149418087678	0.0	659.266546224623	0.0	0.0	0.0	6.605259951429104	0.0	2.1264525188741996	0.0	0.0	0.0	0.0
ATATCGAAGGGTTTGGACTTTAGG-1_2	0.0	1.405267863168067	0.0	46.51870434763823	40.62270564453095	46.52955887151572	665.868793484608	0.7071858628854012	0.0	0.0	0.7344666409602685	8.461932817715368	9.021994250561397
ATCAGGTAGAAACTCAACTTTAGG-1_2	0.0	0.0	526.7669845304911	0.0	0.0	0.0	37.32039558214326	0.0	0.0	0.0	0.0	0.0	0.0
ATCGCGCGTTTACCGGACTTTAGG-1_2	10.18956295337238	0.0	0.0	0.0	0.0	745.9432391886429	16.04040151758357	0.0	0.0	0.0	0.0	0.0	0.0
ATCGCTCAGGAACCATACTTTAGG-1_2	200.14805117409827	11.176053171974726	6.783789704429586	0.0	21.528831206136225	8.589192321164782	45.154882063375595	12.386811420159002	410.7018583497983	3.219348518501824	0.0	9.086716424016565	0.6797907477009543
ATCGGGCAGGACAACTACTTTAGG-1_2	0.0	0.0	0.0	0.0	0.0	0.0	0.0	0.0	0.0	0.0	0.0	0.0	954.1042727063749
ATGAAAGCATTTGTTGACTTTAGG-1_2	608.8867570304891	39.637168818579035	0.07477564998289037	0.0	0.0	0.0	0.0	1.486501907249628	0.0	0.0	11.722383372436985	0.0	3.574464822340597
ATGAGGAAGTCTGTGCACTTTAGG-1_2	56.25658939893461	406.6581677621094	71.54754931115752	0.0	77.28584637275853	0.0	0.0	0.0	11.666906598862342	8.465406926668575	1.298147549672554	33.34243480133985	33.10483010667809
ATGGCCTTCCAAAGGTACTTTAGG-1_2	23.331983103559377	408.2396611154869	125.27217287834834	14.561737174620404	0.0	4.698191406794196	40.88645350595555	17.69443357311394	1.0368917232751504	0.0	10.303353203734334	8.329227716868592	5.348131861870561
ATGTGGGTCCGCCTCTACTTTAGG-1_2	0.0	0.0	0.0	1037.304227675708	0.0	0.0	0.0	1.9954662960999177	5.24759743931592	0.0	0.0	0.0	0.0
ATTATGGAGTGTTTGTACTTTAGG-1_2	489.48448033132223	0.0	12.859372281694679	21.00629505125006	0.0	0.0	23.74530783263292	12.469688770707467	0.0	2.3893168223288064	0.0	0.0	5.712784766650702
ATTCGATTCTAAATCCACTTTAGG-1_2	56.815474532432816	0.0	36.532569735214544	9.438981139924715	0.0	8.41246378980491	691.5432809097373	0.0	0.0	0.0	0.0	0.0	0.0
ATTGATGAGCAGGCTAACTTTAGG-1_2	0.0	0.0	0.0	0.0	732.0998176752845	0.0	0.0	21.871790613830456	48.61419163067576	0.0	0.0	18.311731648609552	4.31502291570608
ATTTAGGAGGAAGCCCACTTTAGG-1_2	569.5879820711956	0.0	0.0	30.793883964695304	0.0	0.0	0.0	0.0	6.17932247779656	2.3860006806758705	0.0	0.0	11.45558466570265
CAAGCGATCTAATCACACTTTAGG-1_2	0.0	524.7960190501685	19.586927026282684	68.25364524132776	0.0	14.92762531062778	0.25778189523027295	28.48351002182543	0.0	0.0	8.850285127089865	0.0	23.710799784413833
CAATACTTCTATGCATACTTTAGG-1_2	0.0	670.4231533393237	0.0	0.0	0.0	0.0	21.451867330615045	0.0	0.0	3.376213567057615	0.0	46.00752246139997	2.903552506544598
CACAAGCCAGGCAACTACTTTAGG-1_2	931.5024905837668	0.0	0.0	0.0	0.0	0.0	0.0	0.0	0.0	0.0	0.0	0.0	0.0
CACGTTATCCCAGACTACTTTAGG-1_2	0.0	0.0	841.1337582101244	0.0	43.28979005446617	0.0	0.0	0.0	0.18616944539684174	6.358394978217121	0.0	0.0	0.0
CAGCTGGCAGTTATGGACTTTAGG-1_2	0.0	761.240743960299	0.0	11.096321828701074	0.0	0.0	0.0	20.80763985546485	29.625041198328734	0.0	0.0	0.0	0.0
CAGGGCAGTCAATCGTACTTTAGG-1_2	22.99608000921448	174.94205084791406	0.0	45.575081464800114	34.98205441298673	15.50739168292216	32.4963198685791	18.323492677710874	12.089301270916813	305.1459468821549	0.0	9.239668142401074	3.942469342047851
CAGGTTCTCGCTCAGTACTTTAGG-1_2	0.0	619.7658718895648	0.0	0.8148917714327311	0.0	0.0	0.0	10.568140577581136	14.97442903001995	12.117688105196905	12.281947793844665	0.0	0.0
CAGTATTTCCTGGAAGACTTTAGG-1_2	5.579561014303363	74.44700181551333	359.49788571611003	0.0	120.5078409783978	21.16758397224962	0.0	37.442905844890234	0.0	11.964082930291875	0.0	0.0	21.649833917217773
CAGTGTGAGGTGAGAAACTTTAGG-1_2	507.6740408688289	0.0	0.0	32.26651902377334	0.0	0.0	64.66080283002377	0.0	0.0	6.230607017138192	0.0	6.009911723607594	0.0
CATCCTTTCACCTAATACTTTAGG-1_2	0.0	887.007036363025	65.04093938799288	0.0	0.0	0.0	0.0	0.0	0.0	0.0	0.0	0.0	0.0
CATTAGCGTATTTCGAACTTTAGG-1_2	47.67411785587777	0.0	0.0	662.1769276304378	0.0	0.0	0.0	0.0	0.0	21.018243944722848	0.0	0.0	0.0
CCAAGACCACTTCGATACTTTAGG-1_2	905.0627929916277	0.0	0.0	0.0	0.0	0.0	0.0	0.0	12.427706267134981	0.0	3.6418031134582614	14.165847498591493	0.0
CCAAGTGAGCCATAAAACTTTAGG-1_2	102.04978555162752	83.03779353613179	64.66421045355436	2.7568190079000763	50.398600731365825	0.0	30.64995681132566	46.17876573748849	124.43615268850667	5.261913385184733	45.53901063934041	0.0	13.071824060151252
CCACATTCAGTAATACACTTTAGG-1_2	97.59533855375128	185.53347001200976	113.60234496500898	26.113968192463076	39.63555945570114	13.744372991514988	5.024654430464943	19.255650064119777	8.51465647773321	7.599397489008679	14.588488013667728	0.0	0.0
CCACTAATCGATTCTGACTTTAGG-1_2	0.0	0.0	0.0	0.0	0.0	0.0	0.0	0.0	1323.2484551596983	0.0	0.0	0.0	0.0
CCACTAATCGGGCAACACTTTAGG-1_2	0.0	0.0	535.4931892159518	6.716854134793575	0.0	8.69524090274758	6.1964438720104855	0.0	6.133487759668679	6.196479925946241	1.2842557151413099	0.0	0.0
CCAGGTTTCAACTTGTACTTTAGG-1_2	4.411433865793709	0.0	430.43251500834623	8.31926759935667	29.36408881098813	0.0	0.0	0.0	0.0	9.314749914138106	11.167736800904969	0.0	10.138685872044931
CCATCAGGTTGCACTGACTTTAGG-1_2	0.0	159.98219931647864	4.667597749316967	75.96977697644262	11.497351187494798	310.3431055506185	1.6656110886711606	0.0	26.902100824190995	17.391757906807413	0.7256359798594268	7.217366112490845	5.559552738192283
CCATTCGCATTGCCTGACTTTAGG-1_2	494.9125027070395	0.0	0.0	42.79199297000531	18.898856008660996	5.420738627940415	51.716647912010146	32.36610990320259	0.0	2.575571249726445	7.273634609478772	14.517464361955604	10.696351773290166
CCCACTTGTAAACCCTACTTTAGG-1_2	49.10383031946835	357.538076254092	112.77954348044607	0.0	0.0	65.21150097317853	0.0	0.0	8.45138479720509	14.525129937638225	0.0	0.0	7.4302023587457375
CCCTGTTGTTAGCATCACTTTAGG-1_2	227.026741015642	20.854636734190628	58.84490612043093	0.0	257.2395237528516	9.879660138247255	0.0	0.0	0.0	11.924593251931043	7.287756082355839	0.0	1.183470405776511
CCGGTACGTTGAGTCTACTTTAGG-1_2	519.7939060623687	24.117180846834113	0.0	18.10130917672112	0.0	10.511749091114426	21.281332900573283	11.491583409424234	0.0	0.0	15.855040758271302	23.335399673361376	2.0183357281168175
CCTCAATCAACATAGTACTTTAGG-1_2	2.113683017747081	0.0	552.8005737460453	27.346032186121825	0.0	0.0	18.859710489331356	1.0193120292154954	2.6613315694127317	2.3897860333886896	0.0	3.1377373740619636	2.150230326442554
CGACTTTCAAATCACGACTTTAGG-1_2	220.3497368257608	26.913140437923385	14.20062205497689	0.0	38.36591316649689	29.902818086100176	43.43309780222199	7.715882276226084	18.091977001513868	5.49928966923618	12.115348375545143	11.339067828873707	27.77542338957915
CGATTGACACGGTAACACTTTAGG-1_2	0.0	0.0	564.9538358967408	26.612184374024338	0.0	18.00885320192071	12.247528938156314	0.0	0.0	0.0	0.0	0.0	0.0
CGCACATTCATTGCATACTTTAGG-1_2	68.54215860656268	30.016749119298016	47.12056087911718	18.056931850167256	0.0	6.360030488785685	131.5874424505747	55.33306933406921	3.9176837236581368	0.0	0.0	15.23211746180677	72.32313400889589
CGCAGCACACTAGTAGACTTTAGG-1_2	842.0769047945718	0.0	0.0	0.0	0.0	0.0	0.0	0.0	0.0	0.0	0.0	0.0	0.0
CGCGACACAAGCGAAGACTTTAGG-1_2	23.676808394143883	496.2929819562999	0.0	45.728236329617495	0.0	0.0	0.0	0.0	0.0	55.18367952494822	0.0	0.0	0.0
CGCTGGACATGTGGCGACTTTAGG-1_2	33.688739231786194	770.311450333252	50.4953643357587	0.0	0.0	0.0	0.0	16.901840771172626	4.413374593954183	9.876155685027078	0.0	0.0	0.0
CGGAACCAGTCTAACTACTTTAGG-1_2	9.963014059569248	0.0	0.0	0.0	0.0	0.0	1322.962968056399	0.0	0.0	8.061013645411183	16.73122561795385	0.0	0.0
CGGTCAAAGGCGAGAGACTTTAGG-1_2	0.7279846002470394	444.5610859069069	82.66669951230128	32.8902597262492	0.18552581679831157	0.0	4.788093397755626	28.428773597585838	0.0	17.81121594693396	0.0	2.1398158824253426	20.48499176384095
CGTAATCGTGGACACGACTTTAGG-1_2	0.0	0.0	12.41526038012398	196.9385062479263	47.30671771992656	99.26477025567605	37.663291620467234	0.0	0.0	0.0	9.392092814906503	117.61844784257994	30.014637838156
CGTAATTTCCTGGAAGACTTTAGG-1_2	632.9073533689893	0.0	0.0	0.0	0.0	0.0	0.0	0.0	0.0	0.0	0.5826275740727067	0.0	0.0
CGTGTCCCATTGCATCACTTTAGG-1_2	542.6993731428514	0.0	0.0	0.0	0.0	0.0	28.765873916827374	18.39045811570164	17.634071325644342	0.0	0.0	7.649455973623798	0.0
CGTTATGTCGCCTCGAACTTTAGG-1_2	0.0	11.879081793073398	0.0	0.0	0.0	0.0	0.0	801.5165323379465	36.06693829919379	0.0	0.0	0.0	0.0
CGTTTGGGTGACCTTGACTTTAGG-1_2	69.21242506762876	55.189502601376695	414.41123660026045	0.0	0.0	7.015110987158765	0.0	0.0	0.0	0.0	0.0	7.0768642213412685	67.73341978197918
CTAAGTGCATCCGCTAACTTTAGG-1_2	0.0	0.0	732.5895920032018	6.552965769456722	0.0	0.0	0.0	3.4830111214055814	0.0	0.0	1.5095829157502445	0.0	0.0
CTACCCACAAGTTAACACTTTAGG-1_2	0.0	0.0	5.0330940691952195	0.0	0.0	0.0	0.0	0.0	0.0	0.0	1442.5030247353966	0.0	0.0
CTATCCGCAGCAATTGACTTTAGG-1_2	0.0	0.0	0.0	0.0	691.0482266295404	0.0	0.0	0.0	0.0	0.0	0.0	5.533228437981453	0.0
CTATGCTCAATGTGGCACTTTAGG-1_2	0.0	42.66152465757537	10.170815475117799	4.403518538235866	0.0	611.6107694620563	0.2633724946180425	2.9595409221604814	0.0	0.0	0.7594602687872323	0.7178451425493458	16.385141349280797
CTATTACAGCCACTCGACTTTAGG-1_2	0.0	0.0	489.79641410612345	57.35802449765358	17.14285500965253	13.976265334507453	8.69543398429319	7.12888073232708	15.423852204405334	0.0	0.042193756763290735	0.0	0.030585185859466006
CTCAACATCCAAATAGACTTTAGG-1_2	0.0	571.1049339201497	6.285367825352873	0.0	44.09023918327811	0.0	46.57288410854211	0.0	0.0	26.52763107212162	0.0	0.0	0.0
CTCATTACAAGCTTTCACTTTAGG-1_2	0.0	386.27023812037726	205.267840336608	126.65197685134798	0.0	0.0	0.0	0.0	0.0	0.0	0.0	0.0	0.0
CTCCATCGTTTGTTGAACTTTAGG-1_2	61.596593308696704	0.0	468.6292184898567	0.0	89.33999550176695	0.1577675342109319	14.058874824417847	61.472666743059015	0.0	17.41546807192071	0.0	0.0	9.151492272580304
CTGATCCAGCACGTTCACTTTAGG-1_2	561.5278860884122	44.47223131051564	0.7527514554124098	15.924159108826158	0.0	23.448986823229358	19.13642426616693	0.0	0.0	21.914879779558422	0.0	0.0	12.435031221977264
CTGCAACTCAGGGATTACTTTAGG-1_2	8.90087518256687	0.0	577.6198632018596	11.16932955318418	0.0	0.0	25.76782780620946	0.0	0.0	1.6140600838494528	0.0	0.0	15.843831266537398
CTGGTTATCTCTCGCCACTTTAGG-1_2	27.684883821564735	356.7836622891451	9.51278253388698	0.0	27.73345142520674	1.8186422880511626	5.418781848843355	0.0	35.01189524677558	65.37296396047665	0.0	0.9488672681947592	5.541098969176034
CTGTTTACACCATCCAACTTTAGG-1_2	4.282471340413768	707.1132569748457	0.7135960396571679	0.0	0.0	0.0	30.439141368687874	0.0	0.0	27.01292112639825	87.88379023603352	0.07987263258794472	10.749072240099375
CTTCAATAGGTAAGCTACTTTAGG-1_2	0.0	815.1430913945778	0.0	0.0	0.0	212.48329394360275	0.0	0.0	0.0	0.0	0.0	0.0	0.0
CTTGCTGCACATGAATACTTTAGG-1_2	0.0	0.0	0.0	11.125708868775176	0.0	15.413652961653419	8.787186230966576	0.0	363.79903670303275	10.46222429541266	33.303515160353776	346.25148633865894	35.36388865405637
CTTTAACAGGGTTTCCACTTTAGG-1_2	11.395065963292497	266.87038514007793	197.50488030882485	32.86063375196089	0.0	54.053840035141846	0.0	0.0	10.596608441191005	11.304177450441978	0.0	0.0	24.909958865210292
CTTTAACAGTCGAAGTACTTTAGG-1_2	416.0950361158599	16.166896966812075	30.893370665034574	0.0	75.25235762558995	6.160211158997765	19.61198612912283	29.805081009771044	0.0	0.478094046388255	0.0	0.0	5.168779727575835
CTTTCGTTCGCAACGAACTTTAGG-1_2	15.000273933334002	421.4668675983576	0.0	114.41626261806364	37.934694558664404	0.0	17.960033095081062	11.621708278307443	0.0	97.09589061874249	0.0	0.0	0.0
GAACAATGTCAGGATAACTTTAGG-1_2	2.315339534837963	0.0	17.30344324503841	0.0	43.46088495734947	621.5738169352422	0.0	0.0	0.0	0.0	0.0	5.264832038529123	0.0
GAAGAATAGCTTAAAGACTTTAGG-1_2	588.4813664178331	0.0	0.0	0.0	18.28743288601253	20.163150157359446	4.579464551547251	9.553260580496374	0.0	11.975211793882423	0.0	2.281654812878093	0.0
GAAGTATGTGCGGCTTACTTTAGG-1_2	501.5264641290515	4.562055665549432	34.231090315691425	40.58573727023854	18.978353468077174	2.9700620214257762	1.6467282857175343	5.671752800346505	0.0	0.0	5.708237027170014	0.0	3.795578521953492
GAATGACTCTGGTCTAACTTTAGG-1_2	0.0	0.0	0.0	35.932699506820995	67.39713741014653	20.050219422118115	17.00184861293007	34.09111484762255	236.32165446813335	17.749371150896913	0.0	219.3867937715983	0.0
GAATGCGTCAATTTGCACTTTAGG-1_2	630.7546776146469	0.0	9.680558356797876	7.14400650313694	12.459956336889118	0.0	0.0	0.0	0.0	0.0	0.0	0.0	0.0
GACAGGGAGGAAGCAAACTTTAGG-1_2	146.77374596251116	4.286988623545007	17.91081577124327	16.139612085932793	8.967514898196244	2.9260146907325657	38.70732836406562	14.836601590438358	115.74701942672168	0.0	15.76683703720506	17.411879500406602	0.0
GACCGTGCAACTAAGTACTTTAGG-1_2	450.609083029758	24.4950318227032	3.317633950928203	0.0	17.794584031067522	32.42353314098223	0.0	2.0304841161520346	0.0	0.0	10.381371948474614	2.4739128927071152	0.0
GACTAAATCTGGTCTAACTTTAGG-1_2	623.5804607128514	32.908095126600074	5.06811383828444	0.0	3.945435535715456	9.01665487436069	41.210461880328744	0.0	21.675740451077758	0.4434155613397777	0.0	0.0	0.0
GACTCAACAGATTGCAACTTTAGG-1_2	19.928141457475625	459.32717188485344	22.577834527284143	0.0	34.39519898341169	0.0	0.0	12.527084581702184	12.82034295335578	0.0	10.03326335738026	0.0	0.0
GACTTACGTCATTATGACTTTAGG-1_2	410.85256441325515	7.094694168979143	73.1738771966271	0.0	29.196003778414795	22.565770662937645	0.0	0.0	0.0	4.5282597746297935	11.0215858029674	12.661760684745266	0.0
GACTTACGTTAACGAGACTTTAGG-1_2	69.13955822552812	16.80469451117733	7.2929007243578745	0.0	14.66780455623441	39.00840134143706	58.3404569042116	23.51883792379111	20.276244449413788	4.241946992252567	54.15893749150248	4.602191053684693	0.0
GAGCAAGCACCATCATACTTTAGG-1_2	0.0	0.0	0.0	0.0	0.0	0.3176652103952506	0.0	0.0	896.5670534640809	15.374099263989892	0.0	0.0	0.0
GAGCTATAGCGCTCCAACTTTAGG-1_2	118.20188671354049	241.86025789669822	0.0	0.0	26.29896876319127	18.55457086191626	16.51036378374286	24.84671585520904	176.9850991301953	0.3310451382134936	41.17027264358655	1.7947073551983586	37.023007355976596
GAGGAGTAGCAATCGGACTTTAGG-1_2	0.0	0.0	0.0	0.0	0.0	860.9159242891499	0.0	17.57240762058796	0.0	0.0	0.0	1.3713930290302057	0.0
GATATGATCCTGTTCTACTTTAGG-1_2	0.0	0.0	0.0	761.6836599882026	0.0	0.0	0.0	0.0	0.0	12.240637897757841	0.0	0.0	0.0
GATCACACACCAACAAACTTTAGG-1_2	461.58141344027473	28.64552602070815	66.77300248042276	0.0	219.90906431316404	52.37390478151204	0.0	20.413691870750885	20.05258666551062	16.238140269376316	9.36123228251308	0.0	0.2445895905726159
GATGGTAGTGAACGACACTTTAGG-1_2	277.2786510899995	11.222192628871836	39.53040920080405	0.0	267.79916621594543	2.1955706480782027	14.554975504325558	0.0	0.0	12.469382055265376	0.0	0.0	0.0
GATTAGTCAACAGAGGACTTTAGG-1_2	85.42515585347391	107.22700463774122	245.93767883431144	0.0	0.0	19.79528136815551	11.757756952857504	0.0	0.0	0.0	0.0	0.0	14.730640277724936
GCAAATTCAACCGGATACTTTAGG-1_2	0.0	301.9953696378944	3.139356457498449	330.6903512465132	0.0	12.432484619213184	0.0	23.80100153172537	0.0	10.883929860286264	6.788902418873841	0.0	0.0
GCAGCAATCTTGATCGACTTTAGG-1_2	0.0	596.3712024505149	25.32752268989621	66.56841296425186	0.0	0.0	0.0	0.0	0.0	0.0	0.0	37.539979020191204	0.0
GCAGGCTAGGCGATATACTTTAGG-1_2	87.48434940710757	0.0	364.3917191542282	0.0	38.58471038503721	13.256962226964598	13.885748931994048	0.0	0.0	14.389618758819548	0.0	7.625832752149575	8.413126240774012
GCATTTGTCGGTTCCGACTTTAGG-1_2	95.44827066209002	85.60772086226726	279.530664572061	0.0	19.128782251832703	68.852063268538	0.0	0.0	0.0	0.0	1.17791871916588	0.0	60.585426126497886
GCGAGCTAGTTTGCATACTTTAGG-1_2	545.9099455549267	8.574864506695757	0.0	19.03209303852669	6.22962415984751	0.0	30.70772378744551	31.801806249591735	0.0	0.0	0.0	5.448280705694328	0.0
GCGTTACTCCCGCTGAACTTTAGG-1_2	475.8294946299137	0.0	0.0	0.0	7.0988387570421345	3.30998616465089	0.0	23.277758642859748	9.89684860899979	38.566082576378385	0.0	7.70929046488136	0.0
GCTAACTGTGCTTCGAACTTTAGG-1_2	0.0	0.0	622.5998130760246	0.0	5.361471714455494	9.185139132892548	0.0	0.0	0.0	0.0	0.0	0.0	0.0
GCTCACCCATCATGTCACTTTAGG-1_2	503.38868650568463	0.0	0.0	0.0	0.0	22.788974402920395	7.1855471884007684	31.286131890275076	2.297775968787756	0.0	0.37507669980204117	0.0	10.664588147785604
GCTCACTAGGTATAGCACTTTAGG-1_2	0.0	107.84603571513527	0.0	484.6788037743045	2.5448472672535516	0.0	0.0	0.0	0.0	0.0	12.894194125247628	76.31925287361908	8.871758434436263
GCTCCATAGCCTGCCAACTTTAGG-1_2	3.5673954038690554	578.8925390918064	24.584229689724868	3.0082706598690896	0.0	0.0	0.0	10.714466161205932	0.0	0.0	0.0	0.0	28.08048768512173
GCTGGATCACCACACCACTTTAGG-1_2	0.0	0.0	0.0	29.654448751291355	41.29097664513608	0.0	976.44478612402	4.551366246650689	0.0	0.0	0.0	0.0	1.8822146562906044
GCTTACATCGTCAATTACTTTAGG-1_2	509.558355754977	21.43273859077154	16.32670572271122	19.761210069575032	24.010970295711505	19.815168708600147	0.0	3.3744217032162576	0.0	0.0	0.0	6.748480733184514	0.0
GCTTGATGTTTACGACACTTTAGG-1_2	467.277163259226	27.339031725214898	34.541116775890856	68.42750238132477	69.21804183285437	0.0	0.0	0.0	0.0	10.77092829711873	0.0	0.0	0.6844851465354652
GGAACCGGTATAGTGGACTTTAGG-1_2	543.4793122145587	0.6750554922757549	0.0	0.0	5.515465755708357	6.6844680039016975	1.7237070219109403	0.0	0.20506960061126567	4.592543730148205	0.0	0.0	0.0
GGAAGCCTCGTCCCGAACTTTAGG-1_2	122.17363529000465	0.0	495.38481264505015	42.11888601332411	0.0	0.0	27.83151453188445	0.0	0.0	0.0	0.0	0.0	0.0
GGATTGCCAGAATCGCACTTTAGG-1_2	0.0	0.0	0.0	979.9852905012635	0.0	0.0	0.0	0.0	0.0	0.0	0.0	0.0	0.0
GGCAATCCAAATAAGGACTTTAGG-1_2	0.0	357.59177543865235	0.0	156.96256290862598	19.113827654322833	2.5328632214842624	0.0	0.0	0.0	20.843132898261874	0.0	0.6588727103544333	6.466252122976073
GGCATGATCGACTTTGACTTTAGG-1_2	29.450260124474177	0.0	435.3931031042365	60.08088566595601	0.0	0.0	13.111011724447245	0.0	0.0	0.0	0.0	6.0292572517409235	0.0
GGCATTTGTAATGCCTACTTTAGG-1_2	179.04464603244955	0.0	275.2053255354424	62.704753332014896	25.087629462589973	0.07314981119310766	0.0	0.0	5.479409853812193	0.0	0.0	0.0	0.0
GGCCTTTAGCAGGTTGACTTTAGG-1_2	798.0966650333783	0.0	0.0	0.0	0.0	0.0	0.0	0.0	0.0	0.0	0.0	0.0	0.0
GGCGAATGTAAACCCTACTTTAGG-1_2	29.664186892275307	521.0731815410037	10.53832730460645	75.43470352173225	0.0	0.0	2.1384081227496017	1.8917215615819525	6.1409379602369665	31.01202986406818	11.314673926895845	0.0	0.0
GGCTGATCAATTGAGTACTTTAGG-1_2	0.0	377.6623174520078	17.489734040612074	106.38377052940383	58.39298870828124	19.668245129487822	6.303353746198519	0.0	6.853974040965193	4.638588351498704	15.038330694243156	8.874860225884277	0.0
GGCTGATCACCTACTGACTTTAGG-1_2	14.192896792655048	13.75698582701816	0.0	24.153756540341032	24.971109865369105	16.23528825635678	18.999815949182917	81.01786080239914	590.2713176079287	43.710365371075575	29.312233148495714	41.332270307574944	14.839279113693662
GGCTTAGAGGTTAGGTACTTTAGG-1_2	0.0	27.359824959596654	17.60535964705788	23.833279456972907	11.21642756606547	14.274145369052379	686.9867642207048	1.2979393377094732	0.0	1.967287608651934	0.0	27.07079704208113	5.046769291144643
GGGATGGAGATAGCTAACTTTAGG-1_2	559.2577541089308	2.6388160136165064	12.327292708286835	21.001480024132064	40.64792639240751	0.8852511085279569	10.044703966414335	12.340269997726798	0.3124166402592096	0.0	0.0	0.0	0.19768068098474173
GGTGTGATCCTAAGTTACTTTAGG-1_2	30.397843347908836	377.03507653611103	0.0	164.79018749301312	0.0	11.071388328937449	30.840371321555196	0.0	0.0	12.695555344840297	0.0	10.213422333411105	0.0
GGTGTTTGTACGAATGACTTTAGG-1_2	259.8546305784565	0.0	43.0819430601641	48.493426237151326	12.080511314863521	287.0035594561001	0.0	0.0	0.0	12.775117024820938	1.2533182668455163	10.08482776152177	0.0
GGTTACCTCGGCTAAGACTTTAGG-1_2	0.0	806.6999746257934	0.0	0.0	0.0	0.0	0.0	1.4742368985642766	0.0	0.0	0.0	22.75064129366436	6.012660898088432
GGTTGACCAATAGAAGACTTTAGG-1_2	1.1366127686774312	676.4514326275914	0.0	0.0	40.32047688576904	0.0	4.114802859162713	0.0	0.0	5.383626994084707	33.14689787942928	0.0	0.0
GTAACCTGTAACGTGAACTTTAGG-1_2	636.2985855460358	0.8133176733862687	7.388218140351203	0.0	0.0	0.0	3.291581995057563	0.0	12.485700503120105	0.26637261314138416	3.742238489674191	0.0	19.10606569760038
GTACCTATCCTTGTTCACTTTAGG-1_2	25.653074856447322	396.1361476288076	0.0	60.966795651181954	6.544145729362207	0.0	0.7134829377023462	1.290704078076611	0.0	30.372652455769913	8.469370941493121	0.0	0.0
GTTAGCGAGCTAAATGACTTTAGG-1_2	0.0	0.0	537.7825396407784	34.69683555576733	0.0	0.0	0.0	0.0	0.0	6.372745081562776	0.0	0.0	0.0
GTTCCATCAGCTCGCTACTTTAGG-1_2	0.676154460555411	25.45915803422377	536.8933064254735	0.0	0.0	0.0	0.0	4.948629576282769	0.0	0.0	0.0	2.1260135184959004	0.0
GTTGGATAGGGCGGTTACTTTAGG-1_2	533.8802099107252	0.0	107.47095887281223	18.316317683706146	13.943305757798619	8.487369652941814	71.87998177014804	16.357306896440875	23.071397899187243	0.0	0.0	0.7141731833590632	2.228120948818225
GTTGTTGTCGATTAAGACTTTAGG-1_2	486.73865122967806	46.21957753393215	46.11575086822489	0.0	0.0	5.68681085394956	0.0	0.0	13.127161982772344	0.0	0.0	23.133693164569504	0.0
GTTTGGGAGCAAATTGACTTTAGG-1_2	1.0214722737170694	22.784165628851085	33.697217913035296	3.3868076942217833	0.0	4.676676159308681	6.71002771960742	86.64263370007791	5.47533893094248	47.95266201148636	25.05780225574324	25.794752571871882	0.0
GTTTGTCCATTGCCCAACTTTAGG-1_2	0.0	0.0	813.0652424375381	0.0	0.0	0.0	0.0	0.0	0.0	0.0	0.0	0.0	0.0
TAACCAAAGCATCTATACTTTAGG-1_2	511.0427306569763	29.09790778425179	0.0	0.0	18.575325398477407	8.491548473138401	23.03874752641619	0.0	0.0	0.0	0.0	43.31106461049856	3.2719847939895894
TAACGTTTCAGCATGGACTTTAGG-1_2	0.0	0.0	11.585250226693537	0.0	4.160396760587519	0.0	0.0	649.0783457367239	6.736806028051731	0.0	7.375528760672797	0.0	24.82454568359777
TAAGGTTCAGCAATTGACTTTAGG-1_2	0.0	464.3097063413825	0.07757019988235095	86.79312273659951	0.0	0.0	0.0	17.126820866709338	0.0	22.992710398503444	25.447638126463126	0.0	0.0
TACCAGCTCATAATGGACTTTAGG-1_2	0.8796526925711894	11.049955321675755	590.676023783969	4.383641142908231	0.0	16.608006867585388	0.0	14.098842261682972	6.286013323064337	0.0	1.040375367968383	0.0	0.0
TACCCGGTCTGTGACCACTTTAGG-1_2	0.0	0.0	618.2119121926057	0.0	0.0	0.0	0.0	0.0	0.0	0.0	9.696353166524235	0.0	0.0
TACCTGCAGACAGACTACTTTAGG-1_2	101.8888731407973	0.0	405.5263051094411	0.0	79.85363159408745	16.231925517122228	32.31927184982265	1.566254756570271	21.162136435958782	1.81184147147294	0.0	0.019893499308508217	0.988055251142548
TACCTTTGTTAACCACACTTTAGG-1_2	392.566138573031	0.6547665016366196	21.882180863186512	0.0	24.0393719906978	12.737377240126486	22.079294893350276	0.0	3.0820451458642872	3.799477076985498	11.319070612449966	2.4148126040802533	0.7785352597495041
TACTCACCATCACGAAACTTTAGG-1_2	24.80300941908953	53.875632240619794	504.3915132472635	0.0	24.900299199841527	0.0	0.0	7.631330494972927	0.0	8.801843255264455	25.30781067056067	0.0	0.0
TAGTCTCCAAGCGATCACTTTAGG-1_2	36.66084285815863	53.827296948422216	0.0	43.020957141964274	0.0	20.91033257419021	0.0	0.0	44.174342733720735	404.05157141855017	0.0	0.0	17.20884566543276
TAGTTGTTCCGGATAGACTTTAGG-1_2	0.0	0.0	0.0	0.0	0.0	750.3289530809833	0.0	0.0	0.0	0.0	0.0	0.0	0.0
TATACCTAGAAACCCGACTTTAGG-1_2	51.38196815931394	0.0	472.5964890483735	0.0	36.61559106049625	18.604065811776277	27.4406021753353	6.123740533345405	8.365281887311951	19.369305709270098	0.0	3.7469432417396704	2.577189212699021
TATATCCAGGCTTAAAACTTTAGG-1_2	0.0	891.134001845873	0.0	0.0	0.0	0.0	0.0	0.0	0.0	0.0	2.788103860684671	0.0	0.0
TATCGCTCACCACAAAACTTTAGG-1_2	426.39683642711	1.3406153498422482	94.99005731419095	0.0	31.581777187601293	2.417091337205659	43.42257473400939	7.216362085584006	0.0	20.753991258774267	0.0	2.47006973569855	41.18892140090874
TATGACTTCATCCAGCACTTTAGG-1_2	54.792681439365566	157.60970341124644	180.90820594404738	0.0	78.53989796704779	1.6608218155098229	14.10734654560958	0.0	0.0	0.0	19.007012068099193	0.0	4.78981729740006
TATGTCCCATGAGCTAACTTTAGG-1_2	0.0	0.0	0.0	0.0	0.0	0.0	0.0	44.9357333764918	309.8540737888164	0.0	518.2866851319139	146.8279897408549	24.04815096107319
TATTGCCCAAGTTGCAACTTTAGG-1_2	0.0	515.0622940950296	0.0	30.00462885389203	63.21736021020099	26.53785145033749	5.751891340060586	3.88356428378329	1.4152251149757837	102.34356674469991	0.6458560785899449	0.0	0.0
TCAACTAGTGCATCGCACTTTAGG-1_2	25.810306150697187	69.91303534768157	25.313634111929943	0.0	23.076870420031923	15.64543694451625	0.7623664173263157	0.0	452.47729590201806	0.0	4.3316477263781135	0.0	0.0
TCAATGGCATTTGCTAACTTTAGG-1_2	55.82890729497991	0.0	15.979452305647968	28.49323715054852	0.0	0.0	0.0	373.10903904181697	10.143260162955285	19.28399294652502	0.0	0.0	3.31311740571169
TCACTCGCACCTACTGACTTTAGG-1_2	575.6628344892279	0.0	0.0	0.0	0.0	0.0	0.0	0.0	0.0	0.0	0.0	0.0	0.0
TCATGAAAGCTCAAGGACTTTAGG-1_2	0.0	0.0	0.0	0.0	24.527495426996442	0.0	0.0	1044.860924821496	0.0	0.0	10.957319642527953	11.623750979189687	0.0
TCCAAGTGTAATGCGAACTTTAGG-1_2	0.0	0.0	0.0	0.0	0.0	926.922192536779	0.0	0.0	0.0	0.0	0.0	0.0	15.259488860367483
TCCATTACATAAGCTGACTTTAGG-1_2	0.0	0.0	0.0	0.0	0.0	0.0	0.0	1098.0143576401365	0.0	14.853487322497605	0.0	0.0	4.090303732634172
TCCTTCTAGTTGACGGACTTTAGG-1_2	25.67271031901428	0.0	0.0	42.445393347795054	0.0	30.591955082595636	7.868271981330093	50.68045201883637	567.6673534414172	0.0	17.59946041143613	64.90294538652854	0.0
TCGCGCTCATAATGACACTTTAGG-1_2	0.0	884.1022053750098	46.46042581757653	17.5108254431789	0.0	4.47899850120193	0.0	0.0	0.0	9.98889947932362	0.0	0.0	17.515543544928803
TCTAACAGTTTCAGGTACTTTAGG-1_2	459.7228590642873	13.941108603050466	52.146043706282256	0.9282609041800274	15.01387119139137	3.9415757588460782	5.732234025871818	0.0	16.904492262890457	24.95740489511712	0.0	13.188587056601841	5.592861402593391
TCTCGCCTCCTTTGGAACTTTAGG-1_2	691.473140936623	0.0	0.0	8.910621691941035	0.0	0.0	0.0	0.0	0.0	0.0	0.0	0.0	0.0
TGAACCTGTGTTAGCTACTTTAGG-1_2	11.459888111809803	375.63133796706046	60.0839996456891	0.0	11.245500487647844	23.057948825893973	6.080325941961376	30.36659019160542	4.317088926668102	2.783838959970762	0.0	20.79156133758067	11.9919104927878
TGAAGGAAGGTTATGAACTTTAGG-1_2	0.0	0.0	0.0	0.0	0.0	0.0	0.0	0.0	1199.5950045479233	0.0	0.0	0.0	4.317132248321214
TGATTTGGTATTGCGTACTTTAGG-1_2	80.85308328860341	25.612720035553426	438.9490603469463	19.153345396829653	0.0	11.9500222849651	38.89828305852112	17.965978045850676	2.254960248150932	6.68523409459744	6.275020189091789	13.19269139222427	0.0
TGATTTGGTTTGTCCCACTTTAGG-1_2	289.85730901719006	86.10337453564627	75.04222283464398	0.0	217.6680346717593	0.0	5.713371654692142	0.0	7.618783296108536	1.6584088244049924	3.631713802230599	0.0	0.0
TGCCGGTGTACGTAAGACTTTAGG-1_2	0.0	0.0	0.0	0.0	0.0	5.887053575493291	0.0	0.0	0.0	0.0	918.0631378943153	0.0	0.0
TGCGCTAGTAAACCCTACTTTAGG-1_2	318.905864346422	89.70018552469674	0.0	0.0	250.24284857486853	0.0	6.944426296843547	0.0	0.0	0.0	2.496405217173228	0.0	3.9624647692981947
TGCGCTAGTAACTACCACTTTAGG-1_2	102.34524023638527	39.44651234774178	72.28614708898506	0.0	235.9025495497654	0.0	18.07576929151599	2.599736839294959	0.0	6.56043727063886	0.0	0.0	5.1374204385020175
TGCGCTTAGGTCTTGCACTTTAGG-1_2	197.77550833223987	0.0	20.282089415789816	53.8586446558412	397.1139125184937	0.0	1.5504709341614393	0.6121933288005753	16.11850050204899	26.32692893652761	0.0	0.0	0.0
TGCGGAATCCTAAGTTACTTTAGG-1_2	0.16846690480925813	0.0	10.1660384886001	38.93134411663337	12.485084047487797	635.1599895699505	5.366358460544326	17.10952369116111	15.624759836414542	0.0	14.314328988293177	0.0	0.0
TGCTTAAGTTCGAATCACTTTAGG-1_2	0.0	614.7784379503562	0.0	0.0	23.847013833477643	0.0	5.343931802214669	9.282590209915384	1.2548944200711023	36.945890903123356	0.0	0.0	9.765639633133903
TGGAAACTCGAAGTTAACTTTAGG-1_2	44.16378568542553	38.91483767172967	0.0	556.0006013606716	0.0	0.0	0.0	0.0	0.0	1.1842615397087566	0.0	0.0	20.758946246950607
TGGATCGAGCAAAGCTACTTTAGG-1_2	280.8375384601131	13.775717911612057	0.0	23.212584102413853	0.0	21.364345129623008	42.927094022871756	18.638455079873985	152.03351708476634	0.0	20.80602449445802	36.260455010319056	0.0
TGGCGTGCATATAGGTACTTTAGG-1_2	24.424286905119857	84.14048015542373	14.216761462078106	138.55904686010578	0.0	38.45668222306027	52.96278982899875	16.049759596327043	38.170364739060986	53.008789746318335	52.796578465342755	0.0	124.65725762956616
TGGGTTTGTAGGTTTCACTTTAGG-1_2	12.056582046533755	0.0	630.4528314033482	5.000977268783169	0.0	32.254422766722115	0.0	0.6852427986494944	0.0	5.955476677206293	3.60914258946935	0.0	0.0
TGGTCAACAAGTTGCAACTTTAGG-1_2	668.2159940115272	0.0	0.0	0.0	0.0	8.215835223106271	1.2282467093331253	11.269995784522894	6.4888390735889265	18.575848268601877	5.788126178094809	0.0	0.0
TGGTTAAAGTAGCGCAACTTTAGG-1_2	18.183296760449352	10.9362574982824	523.6911560517867	0.0	0.0	0.0	69.87948651377907	0.0	0.0	0.0	0.0	12.871520053901518	0.7982363661094741
TGTGCTGGTACTAACCACTTTAGG-1_2	0.0	0.0	0.0	0.0	0.0	0.0	0.0	0.0	0.0	0.0	0.0	1354.5426175560667	0.0
TGTTAGTTCAGGCTGAACTTTAGG-1_2	0.0	0.0	0.0	0.0	928.3653915657701	0.0	0.0	0.0	0.0	0.0	0.0	0.0	0.0
TGTTCCTTCGTCCCGAACTTTAGG-1_2	0.0	0.0	745.2425750861725	0.0	0.0	0.0	0.0	0.0	0.0	0.0	0.0	0.0	6.891949038071485
TGTTCTTGTTATGTGCACTTTAGG-1_2	675.4279607648504	0.0	0.0	0.0	0.0	0.0	0.0	0.0	0.0	0.0	0.0	0.0	0.0
TTAGAGCAGAATGGGAACTTTAGG-1_2	0.0	376.8740873742416	31.478494016178487	280.0827521068932	0.0	33.42824394806148	19.864470783892575	0.0	0.0	1.3525862270148805	0.0	5.580929220656521	0.0
TTAGCGGAGGTGAATCACTTTAGG-1_2	0.0	0.0	0.0	0.0	0.0	0.0	0.0	0.0	0.0	1225.5351898879128	0.0	0.0	0.0
TTAGGTGCAAGCCTAAACTTTAGG-1_2	532.3096089273331	24.808252007097835	0.0	0.0	0.0	0.0	32.396171133903586	0.0	0.0	0.0	2.4048972411445115	4.031116982821001	4.415727959821081
TTAGGTGCATAAGTCGACTTTAGG-1_2	329.134561530813	10.035275862322347	19.863490078969235	13.541794469299576	53.123614289728145	16.347795643062746	43.080096517490105	0.0	10.75008425260683	15.54825807589492	0.0	6.8223410941675935	8.948093103770386
TTAGTTGGTATTACCAACTTTAGG-1_2	203.72321383466948	0.0	11.740179572647252	0.0	365.2218985148332	10.47534673280599	0.0	0.0	0.0	0.0	0.0	0.0	0.0
TTCAACTAGTCACCTAACTTTAGG-1_2	0.0	0.0	685.8562341363508	3.3540869123069714	0.0	0.0	0.0	0.0	0.0	0.0	0.19811827124489007	0.0	0.0
TTCCTCCCACTTCGATACTTTAGG-1_2	5.729643313225554	6.863479004018052	0.0	0.0	4.840371198785661	2.3413431063375776	21.51379276412157	742.4524695275735	0.0	0.0	71.99372146276225	0.0	0.0
TTCGATTAGCAGGCTAACTTTAGG-1_2	2.3815825148125014	57.1433268689977	455.30776070929187	10.865242663738472	35.07401324072923	11.92894705514711	0.0	1.0007293658149348	7.304371716236578	1.0098110697850775	0.0	0.0	33.79028317674435
TTGAACAAGTTTGAGAACTTTAGG-1_2	53.02817430175566	277.0584269199923	25.88546281992286	17.419438388180758	28.70620930113654	0.0	0.0	21.634471795828734	16.48894410286089	0.0	85.96070712044259	35.66999628697101	0.0
TTGACATTCACAAACAACTTTAGG-1_2	157.3296230969614	107.14766301260622	7.456278042413813	0.0	209.97704020236043	2.2608261938671634	5.798430074832147	9.317901361871549	0.0	0.0	5.348985038726729	0.0	0.0
TTGAGGAGTCACACCAACTTTAGG-1_2	411.6650777486628	0.0	23.206575733597397	65.14546078502256	24.739704523174183	2.386510521656335	41.50433288165043	3.8340672732920353	0.0	0.0	0.0	20.674150818287245	0.9216207656760127
TTGAGGAGTTGCGGCTACTTTAGG-1_2	774.0022448876775	15.939298357144255	0.0	0.0	10.707881544953214	0.0	9.979862179351814	0.514342279591528	0.0	12.262299839790497	0.0	23.363589101745514	0.0
TTGTTGTAGTGAATCAACTTTAGG-1_2	0.0	17.827661601434478	0.0	4.411588903473004	20.903398345144968	17.400572261902237	41.59758601366012	618.7675397650124	0.0	0.0	30.173841397630845	42.600449409613844	0.0
TTTAGTCAGTTACAGAACTTTAGG-1_2	37.09836940713954	567.715712552419	0.0	9.590286205853465	0.0	24.161491294818255	0.0	0.0	11.345751324207146	0.0	7.046730681671574	0.0	0.0
TTTCACCTCCTAAATCACTTTAGG-1_2	537.3034970414043	0.0	22.643008373814695	16.077767659473427	8.451653423050658	0.0	0.0	0.0	0.0	26.821409068998122	0.0	3.538838974557204	0.0
TTTCACCTCGTTGCACACTTTAGG-1_2	475.49239558049334	12.899064180963778	14.512962139736826	0.0	0.0	8.046657310456421	16.399158647302443	0.0	3.3115284242679346	5.027244686113896	0.0	0.0	16.40476611797312
