	1	2	3	4	5	6	7	8	9	10	11	12
AAAGCGAAGCGATAACACTTTAGG-1_2	0.0	625.9728796425628	15.245608963857382	6.01283922020231	31.061285826811027	0.0	10.856642522216301	7.382142531936493	10.776295772461731	0.0	0.0	0.0
AAAGGTACAGCCCTTAACTTTAGG-1_2	0.0	694.5666738901173	4.588696467155496	0.0	0.0	0.0	0.0	0.0	1.7290980541488088	0.0	0.0	13.319250657863563
AAATCACCAATCATCCACTTTAGG-1_2	30.5796262276655	350.74562347406686	11.998118173535902	16.919236418320843	25.501777656588796	47.96114812244875	14.945983255669688	8.999836157190542	18.423646323586734	0.0	0.0	10.471987646459025
AAATGAGCATTTGTTGACTTTAGG-1_2	0.0	0.0	0.0	19.21699302392489	9.42766878401908	727.312581088769	12.033049943122013	0.0	4.077804111796024	4.119394517204825	18.713870872188558	1.5235425713552886
AACCAACAGGACACGCACTTTAGG-1_2	334.2000523308794	17.746974834012203	39.48909835239529	160.33386294483637	14.044672316179927	26.487103623088277	35.14922247767389	4.4907730629016775	4.372885977838837	12.96248721982931	0.0	4.372199673665992
AACCTCATCGAACCTCACTTTAGG-1_2	429.37832631794	68.53098123014526	0.0	59.306166963811194	7.683968448159475	12.64188770532859	0.0	0.0	7.254785517200128	12.556446388704138	0.0	0.0
AACTGAGGTGCTCCAAACTTTAGG-1_2	0.0	0.0	0.0	822.3866433862088	0.0	0.0	0.0	0.0	0.0	0.0	0.0	0.0
AAGACAACAAATAGGAACTTTAGG-1_2	0.0	850.3738708788685	0.0	0.0	0.0	2.341514943413269	0.0	0.0	0.0	8.358864488859561	0.0	0.0
AAGCCTCTCAATTGGAACTTTAGG-1_2	310.40959621685727	71.48410025475559	151.35412103024325	26.98302647754057	10.31716086482814	0.0	3.8389692190780167	0.0	15.360423018426223	0.0	3.4890848437269475	0.0
AAGCCTGAGTTAGTTCACTTTAGG-1_2	0.0	0.0	22.745471915334345	1.4121225323486448	0.0	9.09882410242229	963.426069547271	0.0	0.0	0.0	0.0	0.0
AAGCGGCTCTAATCACACTTTAGG-1_2	30.8491591688441	112.2951237667029	483.6834992090431	5.358368473287387	11.339550760598529	15.776674956173386	0.0	25.85994837679761	0.0	13.160162224011573	0.0	29.494593845237347
AAGGGAGGTGGTTACTACTTTAGG-1_2	0.0	0.0	0.0	0.0	0.0	164.3835574105816	0.0	219.18171780103523	0.0	544.5304211808252	125.31060017641344	0.0
AAGGGAGGTTGTTCCCACTTTAGG-1_2	0.0	172.6583292108552	28.088861498556593	0.0	355.6177060940832	0.0	20.90496799644756	0.0	1.9791770182463357	0.0	0.0	0.0
AAGGTTGGTATGGTCTACTTTAGG-1_2	20.121822536404032	546.57218005834	14.759078076097836	0.0	0.0	8.58958234835372	37.02082308369299	0.0	48.767725016127315	12.83992278794774	0.0	5.478740356396307
AATACTGAGGTCAAGTACTTTAGG-1_2	13.85034119069129	674.2434507921348	0.0	22.709602060906164	0.0	0.0	0.0	0.0	0.0	0.0	0.0	0.9047631791232477
AATCACGCATCCTTGGACTTTAGG-1_2	0.0	0.0	802.0770254944459	1.221622350478773	0.0	6.005061168263592	0.0	0.0	0.0	0.0	0.0	0.0
AATCACGCATTTGGCTACTTTAGG-1_2	0.0	74.13009922678303	49.0188189827032	56.5980146635486	29.790612709550494	14.95873393295425	507.7481819142944	0.0	0.0	45.53519193656489	0.0	0.0
AATCGCGAGGTTGCAGACTTTAGG-1_2	1.7760727162093832	35.95663472189768	446.22584856480654	0.0	0.0	13.231154840803757	0.0	0.0	4.907944032506797	5.331823589296358	1.687045451332977	6.420235656134734
ACAGCGGGTTGCGCTAACTTTAGG-1_2	492.0577148275174	0.0	45.76303529514518	0.0	27.403486058815663	2.6814276978649856	40.332137696917115	0.0	22.615172884013045	16.331661878795213	0.16349893784524872	13.997461693522423
ACATACTTCTGGAAACACTTTAGG-1_2	627.758918192315	0.0	0.0	20.760392579196523	6.301141894671877	0.0	0.0	2.2886027623444622	0.2618506428677788	0.0	0.0	0.0
ACCAATCGTTCACTCCACTTTAGG-1_2	0.0	693.4115091196131	5.955083026077927	34.93164980160557	22.734681409228603	25.219437601912105	29.93531547019174	14.480307076853183	0.0	0.0	0.0	1.1825467867121278
ACCACGTTCGGGACTAACTTTAGG-1_2	565.8641376224193	23.771554219832925	12.084417824727245	14.964302692488626	11.607543514332905	8.218455108903676	0.0	0.0	1.91660243741848	0.0	0.0	6.356342438208342
ACCGGCTGTTTCCTCAACTTTAGG-1_2	9.4599959052889	358.02511180488733	119.78922926789336	0.0	53.715766591228196	0.0	0.0	9.696862302799207	11.981377879262542	0.0	0.0	7.114587310621357
ACCTCTAAGGTAGTTAACTTTAGG-1_2	347.9692028216986	70.00620557846052	42.92497278713026	74.01915307118799	10.00328813990179	2.0773604598449835	13.25354331296972	18.203196623733305	12.20332129859818	0.0	10.652809475972294	7.433381322119387
ACGGTAAGTCAAAGGCACTTTAGG-1_2	516.3455930887986	0.0	0.0	0.0	0.0	0.0	0.0	0.0	34.332956001036045	0.0	7.816943311826573	0.0
ACTAATGAGGAAACTCACTTTAGG-1_2	0.0	480.53408909345063	7.1440736950367425	0.0	0.0	0.0	38.60781525562991	0.0	2.9055533942203398	19.32384602247011	0.0	12.41501851493131
ACTACAAAGGATTATGACTTTAGG-1_2	35.366982041960966	0.0	584.269161695383	0.0	2.408661038936493	0.0	5.323364415754202	0.0	25.22741446514056	0.0	0.0	48.92065078710601
ACTACTAGTTTGAGCTACTTTAGG-1_2	33.727505406106474	182.33276756927103	0.0	3.587008101506612	341.9179130420792	0.0	0.0	6.690223412531515	0.6257406241760475	0.0	0.0	0.0843327358472066
AGAAGCAAGTCGTTCAACTTTAGG-1_2	83.30287881609769	547.2182899262303	2.727402269772235	0.0	0.0	5.471078439095874	8.389562038376223	5.019919993506775	11.431249169928993	0.0	5.099798327762403	0.0
AGAAGGTCAGGCTATAACTTTAGG-1_2	0.0	1009.0702291516645	0.0	0.0	0.0	0.0	0.0	9.674405824127506	11.348404372968737	0.0	0.0	0.0
AGACACTAGCTAGATAACTTTAGG-1_2	932.0204197581704	0.0	0.0	0.0	0.0	0.0	0.0	0.0	0.0	0.0	0.0	0.0
AGATTAGTCAACCTCAACTTTAGG-1_2	420.83808790515184	0.0	0.0	0.0	8.180115124517382	105.13068006455549	48.5535037866343	78.33078323276567	10.397274711032537	0.0	42.13648283915569	48.11793982400095
AGCATCCTCATGGAACACTTTAGG-1_2	625.9253264645984	0.0	0.0	0.0	0.0	0.0	0.0	0.0	7.117297404739319	0.0	0.0	0.0
AGCCATTGTAATCCTAACTTTAGG-1_2	35.146914220988094	370.3041249293706	72.55715767517788	4.968669097291833	1.1852461633561857	0.0	5.203450668404699	0.0	17.143691417585387	0.0	0.0	6.111804612416249
AGCTAAATCGGGACTAACTTTAGG-1_2	0.0	25.384153809239514	581.1573772857517	0.0	7.133551942152223	0.0	0.0	6.056812990418189	0.4319476825696126	0.0	0.8865955261045367	6.450054980233952
AGCTACCTCCGGATAGACTTTAGG-1_2	576.9571546698539	0.0	26.872277688605045	0.0	0.0	0.0	0.0	0.0	21.57932343037901	0.0	5.240130171782686	10.083979875531089
AGCTATGCAAATACCGACTTTAGG-1_2	495.58035572676823	19.57204036281426	25.237225934130564	25.380924531856145	6.341376692252179	0.4687138324873594	2.1581270661861605	12.995910708307397	0.7111352696399331	5.514654065703943	7.0958955507139665	6.419588675693635
AGCTGGCAGGTGAATCACTTTAGG-1_2	497.51015223301755	25.221045301164192	27.06675649359949	41.765341169933315	25.670901229112264	16.55494998529097	5.068719033331582	5.374541174052673	29.900190472864324	1.4434565989353338	0.0	6.28502210529409
AGGGACCTCAGTTAGAACTTTAGG-1_2	16.287875448300348	0.0	675.329409509428	5.1585981648549675	13.228949305832769	16.617823717817327	5.798590665902169	0.0	9.054806646177166	0.0	15.145275967074522	1.1440884379950824
AGGGTGGAGGCCTTCGACTTTAGG-1_2	444.49354110618776	32.67796600732445	38.18275399222089	2.944791313970982	13.574117465841505	14.699641022411353	33.9789396875027	3.610475881392907	0.0	0.0	7.149063797316538	0.0
AGTAAACGTGACACAAACTTTAGG-1_2	57.46351428050212	502.5186051773693	37.270090252731116	35.33175397027734	11.75147887543564	17.742067240619367	9.619353959830857	0.0	14.741715812077961	0.0	0.0	0.0
AGTAGGCGTACAAACGACTTTAGG-1_2	0.0	691.5150034467924	0.0	3.477504126090191	7.008884631741044	6.12167475178787	43.63851911574503	2.9773451453097985	0.0	0.0	1.7194743618967117	0.0
AGTGACCCAGAATCGCACTTTAGG-1_2	34.052331682512296	71.34678279814163	396.0718066173346	19.5817568839644	101.65274649925148	0.0	0.0	16.147617225938728	23.008911032346294	0.0	0.0	77.34214100227558
ATAACCAAGGTGAGCCACTTTAGG-1_2	0.0	565.8755393906392	62.81918394997859	0.0	0.0	4.701477225402661	2.2894367931711503	0.0	0.0	21.550230261915672	0.0	0.7053242916580132
ATAAGCCAGAGCAACTACTTTAGG-1_2	4.283055008662984	0.0	665.6367138277561	0.0	0.0	0.0	0.0	1.955381873889182	47.076484953377886	0.0	17.041721234142674	0.0
ATAGAAGCAGTGAGGAACTTTAGG-1_2	366.8230318401828	41.57764454270548	59.55614562666757	47.61960628331765	26.800413116783822	3.168273515681548	53.46619624582323	10.401540337205988	19.546840477454428	9.594685360302513	0.0	41.14578409175465
ATATAGCCATGGGTTAACTTTAGG-1_2	8.579123362603829	0.0	660.317147398952	0.0	0.0	0.0	6.563190778196294	1.8776654807334678	0.0	0.0	0.0	0.0
ATATCGAAGGGTTTGGACTTTAGG-1_2	0.0	42.50416965622908	0.0	39.6454575222728	46.76738254150453	1.763798014215416	667.800685007289	0.0	0.0	9.352703070667443	0.7522610674798389	9.121709688427801
ATCAGGTAGAAACTCAACTTTAGG-1_2	0.0	0.0	527.3092825653573	0.0	0.0	0.0	37.227776167699815	0.0	0.0	0.0	0.0	0.0
ATCGCGCGTTTACCGGACTTTAGG-1_2	10.15261858125616	0.0	0.0	0.0	746.646399694213	0.0	15.98440726217042	0.0	0.0	0.0	0.0	0.0
ATCGCTCAGGAACCATACTTTAGG-1_2	200.53010742293586	7.1109961921786145	7.3981973064996955	21.749899001026275	8.591393989818647	12.527457044918329	45.538852535817945	411.04959708248157	3.8028999991099326	9.571214763886827	0.0	0.70053462772482
ATCGGGCAGGACAACTACTTTAGG-1_2	0.0	0.0	0.0	0.0	0.0	0.0	0.0	0.0	0.0	0.0	0.0	956.1420742847054
ATGAAAGCATTTGTTGACTTTAGG-1_2	610.1233317640917	33.09623822724883	1.4539151193362716	0.0	0.0	1.815757713393765	0.0	0.0	0.0	0.0	11.95394591434865	3.889302365881801
ATGAGGAAGTCTGTGCACTTTAGG-1_2	50.80094569930577	394.3159351101434	73.67204000336963	88.78650776720593	0.0	0.0	0.0	13.606665618700928	12.64949811353893	29.77925626950579	2.5251337637205897	34.33832631955553
ATGGCCTTCCAAAGGTACTTTAGG-1_2	19.82543143715363	421.8884414966913	127.11213731063069	3.091856503477371	6.266041210887093	17.31416597064099	40.24048368044803	2.6344114606737046	0.0	6.339516194650472	11.2638570717989	5.943248968920317
ATGTGGGTCCGCCTCTACTTTAGG-1_2	0.0	809.21106675512	0.0	0.0	6.973884585234062	28.42841151982017	14.89898946005022	10.461056372496358	0.0	23.347252001133267	0.0	0.0
ATTATGGAGTGTTTGTACTTTAGG-1_2	493.4485309633418	0.0	16.19832054480301	0.0	0.0	13.724729482974999	25.08091883149022	0.0	4.213912793831518	0.0	0.0	6.145874272029754
ATTCGATTCTAAATCCACTTTAGG-1_2	58.02543093593817	0.0	38.24828168239465	0.0	8.875761900820184	0.0	692.7100810920392	0.1688017063591387	0.0	0.0	0.0	0.0
ATTGATGAGCAGGCTAACTTTAGG-1_2	0.0	0.0	0.0	727.3012811583795	0.0	33.425262709626175	0.0	47.836999917119186	0.0	18.073736318986576	0.0	4.171064923262853
ATTTAGGAGGAAGCCCACTTTAGG-1_2	575.4338630961569	5.897160563047646	2.6623040095251898	0.0	0.0	0.0	0.0	6.9461847557239365	4.61046349214544	0.0	0.0	12.284474943878175
CAAGCGATCTAATCACACTTTAGG-1_2	0.0	586.6951042212931	22.22576538518295	0.0	17.019087083482475	28.913778371044984	0.07248472817451046	0.0	0.0	0.0	9.992546814037299	24.567034911955773
CAATACTTCTATGCATACTTTAGG-1_2	0.0	666.0478624112792	0.0	0.0	1.0542999684677479	0.0	20.20583802680354	0.0	9.328461135684147	42.027129982305944	0.0	4.1115149975679754
CACAAGCCAGGCAACTACTTTAGG-1_2	931.5869370596413	0.0	0.0	0.0	0.0	0.0	0.0	0.0	0.0	0.0	0.0	0.0
CACGTTATCCCAGACTACTTTAGG-1_2	0.0	0.0	843.723549899336	40.964430154768024	0.0	0.0	0.0	0.0	6.011528797758654	0.0	0.0	0.0
CAGCTGGCAGTTATGGACTTTAGG-1_2	0.0	776.3200400629474	0.0	0.0	0.0	19.040838585875424	0.0	32.27962125182291	0.0	0.0	0.0	0.0
CAGGGCAGTCAATCGTACTTTAGG-1_2	23.50496987855152	214.0711104841269	0.0	37.141335977170435	16.021924982716275	18.542816102636984	32.436802507163755	12.496943931656071	307.22898135228127	9.527902523714255	0.0	4.308523772079262
CAGGTTCTCGCTCAGTACTTTAGG-1_2	0.0	616.745357383814	0.0	0.0	0.0	9.04910968007059	0.0	16.53868563853	16.730452672530657	0.0	13.364738605544197	0.3096004004519748
CAGTATTTCCTGGAAGACTTTAGG-1_2	3.794739964696492	68.28825614796128	361.8873407032777	123.92117708676723	21.499925077610598	39.37001346350935	0.0	0.0	13.281809859541005	0.0	0.0	21.862279133530397
CAGTGTGAGGTGAGAAACTTTAGG-1_2	511.009913425552	20.624501413314686	0.0	0.0	0.0	0.0	65.80232294794637	0.0	6.921096268227055	7.4375258732455505	0.0	0.0
CATCCTTTCACCTAATACTTTAGG-1_2	0.0	850.4069192239235	77.36834263597599	0.0	0.0	0.0	0.0	0.0	0.0	0.0	0.0	0.0
CATTAGCGTATTTCGAACTTTAGG-1_2	95.02910512222047	526.3123290215399	8.619916439910787	0.0	0.0	0.0	0.0	0.0	23.974495923427426	12.869026869520079	0.0	0.0
CCAAGACCACTTCGATACTTTAGG-1_2	905.8770994760431	0.0	0.0	0.0	0.0	0.0	0.0	12.158048693838607	0.0	13.718382637429224	3.8299051412757796	0.0
CCAAGTGAGCCATAAAACTTTAGG-1_2	101.0110705826596	83.89161533259987	65.13630005551441	52.76614597976063	0.0	46.44666874648838	30.63829254839188	124.7514023781982	6.285098707429556	0.0	45.72691802277374	13.090825858616078
CCACATTCAGTAATACACTTTAGG-1_2	96.77356795015815	206.87116360134954	115.00957131862346	42.24605923488693	14.316510700534387	19.829665374408386	4.808052307735954	8.851763632713253	8.65961344207851	0.0	14.847403986064998	0.0
CCACTAATCGATTCTGACTTTAGG-1_2	0.0	0.0	0.0	0.0	0.0	0.0	0.0	1324.3277596823286	0.0	0.0	0.0	0.0
CCACTAATCGGGCAACACTTTAGG-1_2	0.0	0.0	537.8671572176173	0.0	8.93359694345717	0.0	6.78246232886426	6.131484964460477	6.712379352428087	0.0	1.430338189028483	0.0
CCAGGTTTCAACTTGTACTTTAGG-1_2	5.329985892138512	1.8762588358251897	432.7557567512464	29.39477628818886	0.0	0.0	0.0	0.0	9.892542082852874	0.0	11.297808729124986	10.193548288189698
CCATCAGGTTGCACTGACTTTAGG-1_2	0.0	229.5510853543748	6.103290147759463	11.453105572268042	311.45300307595613	0.0	2.5331874933826106	27.1734556886781	17.59879884888874	8.501193741553276	1.0273971999398115	5.972602324808603
CCATTCGCATTGCCTGACTTTAGG-1_2	501.9573395888626	1.6207507667898815	5.010733145074762	18.332729550584727	6.988608570774265	34.9699406269997	54.28465622044689	0.0	6.1133202954560595	17.319377355389964	7.310248000243061	11.595517125218818
CCCACTTGTAAACCCTACTTTAGG-1_2	47.0697581438255	344.22341538102603	116.84729792305447	0.0	67.59790446777575	0.0	0.0	9.715143358869208	18.79797597040464	0.0	0.0	7.917466549511007
CCCTGTTGTTAGCATCACTTTAGG-1_2	226.38034384217053	4.491982533686822	60.880101585898565	264.50454580882376	10.5266475210673	0.0	0.0	0.0	13.868893482962177	0.0	7.608150072978534	1.3763264875106274
CCGGTACGTTGAGTCTACTTTAGG-1_2	521.1338690748019	39.39046305245668	0.0	0.0	10.653708322672776	11.19988211264917	21.475383617646816	0.0	0.0	23.78464232030518	16.113714315519264	2.1635968188578114
CCTCAATCAACATAGTACTTTAGG-1_2	4.993214377413565	9.92251649243884	556.7825356470906	0.0	0.0	1.2545570696509554	19.907972324608973	2.5338476264676753	3.850244164641064	4.673832139147974	0.0	2.462428692131896
CGACTTTCAAATCACGACTTTAGG-1_2	220.17058911845731	21.45790389493673	15.010513557202282	39.28480400080196	30.226015635184783	8.127765768990745	43.61625786101919	18.52442067383819	6.39190142819612	10.59409752946617	12.369276898401017	28.026530778898103
CGATTGACACGGTAACACTTTAGG-1_2	0.0	16.602549017006982	568.3645802809128	0.0	18.43195954853526	0.0	13.314825548663174	0.0	0.0	0.0	0.0	0.0
CGCACATTCATTGCATACTTTAGG-1_2	68.96041247051748	44.89122126660621	47.52280461802888	0.0	6.484226563375099	55.62093715364009	132.08009205211545	4.200266659436781	0.0	15.20282882587969	0.0	72.75633593580545
CGCAGCACACTAGTAGACTTTAGG-1_2	842.6630396851853	0.0	0.0	0.0	0.0	0.0	0.0	0.0	0.0	0.0	0.0	0.0
CGCGACACAAGCGAAGACTTTAGG-1_2	20.40538574851084	546.3369095368347	0.0	0.0	0.21875485796504357	0.0	0.0	0.0	57.71822395710017	0.0	0.0	0.5902935598406044
CGCTGGACATGTGGCGACTTTAGG-1_2	28.15213908228336	742.9758915052129	57.130729357117254	8.7163774589338	0.0	16.062013357631546	0.0	7.567391540748028	18.750894840126517	0.0	0.0	0.0
CGGAACCAGTCTAACTACTTTAGG-1_2	9.573344166141098	0.0	0.0	0.0	0.0	0.0	1322.8709591796874	0.0	8.415657263910783	0.0	16.7837438995652	0.0
CGGTCAAAGGCGAGAGACTTTAGG-1_2	0.0	472.49583831122794	84.43935503919086	3.1863375974584334	0.4543426540525893	28.17327441251996	4.1303871894184345	0.0	21.37835521915942	1.25859615327087	0.0	21.200950666592192
CGTAATCGTGGACACGACTTTAGG-1_2	15.577330462330462	87.87356878863565	29.272069857917042	53.10337685200969	103.35504087671319	0.0	45.797730758853646	0.0	0.0	142.28880107693112	6.595373195866624	35.26727099728394
CGTAATTTCCTGGAAGACTTTAGG-1_2	633.2808083913827	0.0	0.0	0.0	0.0	0.0	0.0	0.0	0.0	0.0	0.5222754946096544	0.0
CGTGTCCCATTGCATCACTTTAGG-1_2	543.1359039012381	0.0	0.0	0.0	0.0	18.267704553467265	28.835639242801104	17.59336257475404	0.0	7.309466514649605	0.0	0.0
CGTTATGTCGCCTCGAACTTTAGG-1_2	0.0	5.3661446971143265	0.0	0.0	0.0	806.804736390277	0.0	36.50937440517491	0.0	0.0	0.0	0.0
CGTTTGGGTGACCTTGACTTTAGG-1_2	70.91010672700214	39.804359319245634	419.0012014029887	0.0	8.080130653015448	0.0	0.0	0.0	0.0	7.144073636400408	0.0	68.28149171809818
CTAAGTGCATCCGCTAACTTTAGG-1_2	0.0	0.0	735.393998601724	0.0	0.0	3.749673189036438	0.0	0.0	0.0	0.0	1.666085156433937	0.0
CTACCCACAAGTTAACACTTTAGG-1_2	0.0	0.0	4.26423465547808	0.0	0.0	0.0	0.0	0.0	0.0	0.0	1443.9752939721552	0.0
CTATCCGCAGCAATTGACTTTAGG-1_2	0.0	0.0	0.0	696.3143166795345	0.0	0.0	0.0	0.0	0.0	5.204116090569147	0.0	0.0
CTATGCTCAATGTGGCACTTTAGG-1_2	0.0	44.23922822096975	10.826072070529293	0.0	612.5390688839523	2.6571625555910034	0.3839319055824102	0.0	0.0	0.26210762461339426	1.1847111838341964	16.44735815418692
CTATTACAGCCACTCGACTTTAGG-1_2	0.0	7.656968597181129	500.87819617561973	21.199566817156047	16.300183115655262	9.869027859732137	13.101743050000463	16.954067984485096	0.0	0.0	0.6481409177060783	0.8767353250397862
CTCAACATCCAAATAGACTTTAGG-1_2	0.0	567.9416263021847	7.025774599693852	48.90858475035532	0.0	0.0	44.55806194938721	0.0	30.68060251439554	0.0	0.0	0.0
CTCATTACAAGCTTTCACTTTAGG-1_2	0.0	499.56754334413296	211.23203122636096	0.0	0.0	0.0	0.0	0.0	0.0	0.0	0.0	0.6009031307927123
CTCCATCGTTTGTTGAACTTTAGG-1_2	60.76371615538268	0.0	470.3006291821116	89.53898460087011	0.02980944993225776	63.16722878441394	14.14626661981182	0.0	16.444727535186804	0.0	0.0	9.10500663069272
CTGATCCAGCACGTTCACTTTAGG-1_2	562.3383344946682	56.05791030621991	1.5079480484836187	0.0	23.772496162343884	0.0	19.31320004293149	0.0	22.90449997663048	0.0	0.0	12.686716568498095
CTGCAACTCAGGGATTACTTTAGG-1_2	9.380449288692498	7.503908062189036	579.1832972813571	0.0	0.0	0.0	26.07862171848754	0.0	2.1568055883024937	0.0	0.0	15.96477818733972
CTGGTTATCTCTCGCCACTTTAGG-1_2	25.125734058122152	338.76897240554706	12.705759160769386	32.25361897592187	3.7514115812259847	0.0	5.234168502398741	36.7126092006442	70.66140480888976	0.0	0.0	6.293577983047947
CTGTTTACACCATCCAACTTTAGG-1_2	0.6442461608431936	680.2582798116658	7.18924352811348	3.7542246694124377	0.0	0.0	30.31577670791785	0.0	35.79190559436223	0.0	90.48655994156732	12.115111649609963
CTTCAATAGGTAAGCTACTTTAGG-1_2	0.0	798.6797830284318	0.0	0.0	218.04241140854694	0.0	0.0	0.0	0.0	0.0	0.0	0.0
CTTGCTGCACATGAATACTTTAGG-1_2	0.0	6.61373418710504	0.0	0.0	15.438429396336057	0.0	8.742355539348656	364.5608656877509	10.857849260308434	349.17076263089547	33.73125376891465	35.41459441980248
CTTTAACAGGGTTTCCACTTTAGG-1_2	9.410364460723947	299.8534929878745	199.40938666574544	0.0	55.15601140703374	0.0	0.0	11.265033891264302	12.240221630569705	0.0	0.0	25.193232052958372
CTTTAACAGTCGAAGTACTTTAGG-1_2	415.49087817018506	12.671828429274576	30.93552072974481	79.85006308423505	6.0812009105038936	29.980291114163602	19.592842405655755	0.0	0.9624036032373524	0.0	0.0	5.211682599925104
CTTTCGTTCGCAACGAACTTTAGG-1_2	17.256095875254157	524.4346550995979	0.0	40.87589556822689	0.0	12.732122128836162	18.648404867604107	0.0	98.90733893179268	0.0	0.0	0.0
GAACAATGTCAGGATAACTTTAGG-1_2	2.3339786564188674	0.0	17.568159698162138	42.96324290335438	622.7103731789163	0.0	0.0	0.0	0.0	5.2911728953274455	0.0	0.0
GAAGAATAGCTTAAAGACTTTAGG-1_2	588.6226609858504	0.0	0.0	18.65636737129248	20.162596643481358	9.363739182101332	4.618731675566173	0.0	12.275641625063148	2.192599535486817	0.0	0.0
GAAGTATGTGCGGCTTACTTTAGG-1_2	504.1128932096746	42.1535048733001	34.90837197943294	17.68698772332787	2.9373101790340863	6.035064129423532	2.16565331108599	0.0	0.0	0.0	5.804710576765016	3.8960145044913315
GAATGACTCTGGTCTAACTTTAGG-1_2	0.0	27.784378113005438	0.0	67.42366215726909	20.248614093018638	35.517417966514145	18.148709786415875	236.50550022722507	18.09485253642248	222.5397903268335	0.0	0.0
GAATGCGTCAATTTGCACTTTAGG-1_2	632.4442913044945	5.302950157719127	10.380169476265065	9.929590197899893	0.0	0.0	0.0	0.0	0.0	0.0	0.0	0.0
GACAGGGAGGAAGCAAACTTTAGG-1_2	147.88364763088407	18.684790875791297	18.257254602785988	8.2564459271532	2.9280495217278206	15.7338705415133	38.82224127485145	115.81453867865513	0.0	17.69902339617441	15.661990000620177	0.0
GACCGTGCAACTAAGTACTTTAGG-1_2	451.24335352714775	22.71914340695673	3.682733995456106	17.487099478608233	32.677979832964034	2.3441899086633535	0.0	0.0	0.0	1.7913582061865507	10.640709824496652	0.0
GACTAAATCTGGTCTAACTTTAGG-1_2	624.1368991172194	28.07237943819692	6.154536255804454	3.2169846037275813	9.445004714158317	0.0	41.33510094025814	21.87078643613874	1.564638588725787	0.0	0.0	0.0
GACTCAACAGATTGCAACTTTAGG-1_2	14.646117932679354	457.4630603320047	23.991536507881644	40.34760051726268	0.0	11.849793274429606	0.0	14.17481375050829	1.6959260424898008	0.0	10.591525613067187	0.0
GACTTACGTCATTATGACTTTAGG-1_2	411.9125041955547	0.0	74.51601180562338	29.340823427169145	22.9856737856746	0.0	0.0	0.0	5.415491572852764	12.206785502834913	11.416006851781141	0.0
GACTTACGTTAACGAGACTTTAGG-1_2	69.10218268577897	15.915680679506298	7.590671487952398	14.572916129684232	39.08611779231241	23.681707954623125	58.37948955060508	20.402975347856106	4.473089206190153	4.570304148441211	54.154003957065996	0.0
GAGCAAGCACCATCATACTTTAGG-1_2	0.0	0.0	0.0	0.0	0.3176305793863445	0.0	0.0	897.444391692878	15.068739171706573	0.0	0.0	0.0
GAGCTATAGCGCTCCAACTTTAGG-1_2	115.53521186095494	238.62221096618387	0.0	29.873101211445572	19.62079449744752	24.711351103755636	16.228357476850544	178.1351203353692	2.6428993613502385	0.6818154100133966	41.667782308826894	37.37863571730333
GAGGAGTAGCAATCGGACTTTAGG-1_2	0.0	0.0	0.0	0.0	861.9178682407384	17.782519314900664	0.0	0.0	0.0	0.16844120113029495	0.0	0.0
GATATGATCCTGTTCTACTTTAGG-1_2	51.374492185100856	634.5688704143505	0.0	0.0	0.0	0.0	0.0	0.0	12.541878532281613	6.74625299807146	2.649408946915764	0.0
GATCACACACCAACAAACTTTAGG-1_2	460.9614348278303	10.951452896697889	68.24987095780226	232.47378537805892	52.79260933997036	22.09954570846036	0.0	19.807006688215523	18.11992178025621	0.0	9.112598246163559	0.26973667632097936
GATGGTAGTGAACGACACTTTAGG-1_2	273.90625367179666	0.0	38.85074088559299	286.4743340193884	1.7630385651517242	0.0	14.243497297590146	0.0	12.600954178461636	0.0	0.0	0.0
GATTAGTCAACAGAGGACTTTAGG-1_2	86.02802616932416	91.31627954274904	250.15012020841561	2.252009102611035	20.997712706470946	0.0	12.466640948866145	0.0	0.0	0.0	0.0	15.099282209062329
GCAAATTCAACCGGATACTTTAGG-1_2	0.3556232946312455	601.4997035006659	11.81588033408597	0.0	14.748680492987525	29.826214310305854	0.0	0.0	9.48506487037462	0.25678964392204856	7.934815397189931	0.0
GCAGCAATCTTGATCGACTTTAGG-1_2	0.0	662.6398180464515	28.005885111167828	0.0	0.0	0.0	0.0	0.0	0.0	36.16566112309654	0.0	0.0
GCAGGCTAGGCGATATACTTTAGG-1_2	86.7767712035687	0.0	365.27754669124033	39.040807298878946	13.156293313180859	0.0	14.128830568364842	0.0	14.03853708627069	6.9401649203576685	0.0	8.439913858919931
GCATTTGTCGGTTCCGACTTTAGG-1_2	96.10634679399088	61.87764786472627	285.1277079012393	25.49475283051313	70.33877814187619	0.0	0.0	0.0	0.0	0.0	1.9724051913693517	60.91515587275058
GCGAGCTAGTTTGCATACTTTAGG-1_2	547.9423074795462	25.0009492943097	0.0	3.8302713445150744	0.0	32.72523785431571	31.111644463319088	0.0	0.0	5.829348779708939	0.0	0.0
GCGTTACTCCCGCTGAACTTTAGG-1_2	476.2550071201861	0.0	0.0	5.571362826697342	3.3843478208055213	23.758424342345208	0.0	10.007717521992062	39.354107378695986	7.239538823304438	0.0	0.0
GCTAACTGTGCTTCGAACTTTAGG-1_2	0.0	0.0	623.9512775587139	4.001206556642945	9.12001796826823	0.0	0.0	0.0	0.05035929790734109	0.0	0.0	0.0
GCTCACCCATCATGTCACTTTAGG-1_2	503.626812803816	0.0	0.0	0.0	22.660498576138192	30.916633448236492	7.393302222526838	2.119424481676702	0.0	0.0	0.4844859784953771	10.784951612755915
GCTCACTAGGTATAGCACTTTAGG-1_2	0.0	537.6070984788475	7.962195109838513	0.0	0.0	0.0	6.988703118756709	0.0	0.0	100.25809531777466	10.176064497050492	10.426262646426885
GCTCCATAGCCTGCCAACTTTAGG-1_2	0.0	587.1237993316622	25.970242919892637	0.0	0.0	9.268760352000866	0.0	0.0	0.0	0.0	0.9979163544729872	28.771010388436235
GCTGGATCACCACACCACTTTAGG-1_2	0.0	25.745883769503536	0.0	40.34142567292935	0.0	5.471227315376745	978.9448780212465	0.0	0.0	0.0	0.0	1.8779529229725507
GCTTACATCGTCAATTACTTTAGG-1_2	510.9565341717563	39.27066366861243	16.84156502653742	23.101179306937276	19.938007958177188	3.423579542574235	0.0	0.0	0.0	7.268338255293778	0.0	0.0
GCTTGATGTTTACGACACTTTAGG-1_2	471.603844772565	84.20607740627177	36.36095019297785	71.00824602935604	0.0	0.0	0.0	0.0	11.1754641429558	0.8431424918293204	0.0	1.067689969414661
GGAACCGGTATAGTGGACTTTAGG-1_2	544.3131815045032	0.0	0.0	3.770994461567184	6.806605612296556	0.0	1.842149337237011	0.18532116900880716	4.919033618600528	0.0	0.0	0.0
GGAAGCCTCGTCCCGAACTTTAGG-1_2	125.59859291012961	27.460039389065955	499.16973097129113	0.0	0.0	0.0	29.108844104491492	0.0	0.0	0.0	0.0	0.0
GGATTGCCAGAATCGCACTTTAGG-1_2	30.27910937554445	804.459570657054	0.0	0.0	0.0	0.0	0.0	0.0	0.0	1.9580123264395137	6.427180588761933	0.0
GGCAATCCAAATAAGGACTTTAGG-1_2	0.0	497.7843735251971	0.0	20.52596798878895	4.610247234740492	0.0	0.0	0.0	21.97021628157578	3.340333625711275	0.0	7.6118340995546765
GGCATGATCGACTTTGACTTTAGG-1_2	38.32459098566003	13.584071084900938	445.19031824898906	0.0	0.0	0.0	16.61149575926868	0.0	0.0	9.620155331132857	0.0	0.0
GGCATTTGTAATGCCTACTTTAGG-1_2	183.82517811476558	47.84484365607746	279.02985160949123	23.324666908181225	0.71774930207948	0.0	0.0	6.027101923829254	0.0	0.0989488114231351	0.0	0.0
GGCCTTTAGCAGGTTGACTTTAGG-1_2	798.4129897652964	0.0	0.0	0.0	0.0	0.0	0.0	0.0	0.0	0.0	0.0	0.0
GGCGAATGTAAACCCTACTTTAGG-1_2	28.370770484842925	593.1805234822135	12.580539113368301	0.0	0.0	1.5686462905960412	1.8363728026585617	7.403407635452121	34.48154418160542	0.0	12.356040529892208	0.0
GGCTGATCAATTGAGTACTTTAGG-1_2	0.0	475.60068412879014	19.724854722449145	60.410909604382766	21.192769072469492	0.0	7.004768452854629	8.035288536225892	5.441695645536501	8.977303388574528	15.593225581742995	0.0
GGCTGATCACCTACTGACTTTAGG-1_2	15.883353428803227	31.64900109327535	0.0	24.06537497326926	16.35233419515603	82.40046157100812	19.639452423437	590.8644076689859	44.79105172661286	42.280664824422956	29.400128901872378	14.972205780618967
GGCTTAGAGGTTAGGTACTTTAGG-1_2	0.0	45.92380875643522	18.43919764931615	11.199862994881949	14.548595460578012	1.901503907069007	688.2394747113734	0.0	2.5106966712089385	27.291018444754314	0.0	5.221787100980668
GGGATGGAGATAGCTAACTTTAGG-1_2	561.2372032721074	18.786760487390456	13.221142004357588	39.53031238044936	1.0851340053901866	13.065969662958766	10.490867128397424	0.30918165404668607	0.0	0.0	0.0	0.3241640213832325
GGTGTGATCCTAAGTTACTTTAGG-1_2	35.77361361657097	525.4495280262878	0.0	0.0	12.735988303951444	0.0	32.31753693115035	0.0	13.8683398335416	13.134444609262015	0.0	0.0
GGTGTTTGTACGAATGACTTTAGG-1_2	265.843476936226	19.34690940801656	47.8142789374565	12.367980033925953	288.5697943027979	0.0	0.0	0.0	15.5437761393524	12.153877829798622	1.5871941307392723	0.0
GGTTACCTCGGCTAAGACTTTAGG-1_2	0.0	804.6108569522281	0.0	0.0	0.0	1.2243852059372553	0.0	2.0976273815618764	0.0	18.500492661480493	0.0	7.339693283997125
GGTTGACCAATAGAAGACTTTAGG-1_2	0.0	667.3991248368077	0.0	49.183083735715485	0.0	0.0	2.440576543152307	0.0	10.744681447662488	0.0	34.62771015031562	0.0
GTAACCTGTAACGTGAACTTTAGG-1_2	636.8028917583321	0.0	7.468068272323504	0.0	0.0	0.0	3.413682247690985	12.310484293613614	0.35623061954535956	0.0	3.7443453028056215	19.308878605746482
GTACCTATCCTTGTTCACTTTAGG-1_2	25.322469018852935	453.55003924030285	0.0	8.883882413402118	0.0	1.1170491947123862	0.6762189046170785	0.0	32.00778477318182	0.0	9.451507611565424	0.0
GTTAGCGAGCTAAATGACTTTAGG-1_2	0.0	1.8717608462925068	546.5022116752283	0.0	0.0	0.0	0.0	0.0	9.625459762008862	0.0	0.0	0.0
GTTCCATCAGCTCGCTACTTTAGG-1_2	1.8520604218831391	14.188054247542505	540.9263291248614	0.0	0.0	5.117737538443583	0.0	0.0	0.0	1.966390765843006	0.0	0.05278057579015425
GTTGGATAGGGCGGTTACTTTAGG-1_2	535.7313358891627	14.583842013183038	108.7987998717846	11.64811052310412	8.610020566773443	16.2944361717316	72.60950528903035	22.561756564906126	0.0	2.170032230315541	0.0	2.4430884693306245
GTTGTTGTCGATTAAGACTTTAGG-1_2	488.5310900254772	33.078295703770195	48.73813889486195	0.0	6.581335616656541	0.0	0.0	14.163021911515637	0.95722436026254	22.382924579637606	0.0	0.0
GTTTGGGAGCAAATTGACTTTAGG-1_2	1.0027650253347515	24.585580335503433	33.773482709959524	0.0	4.6506091745898255	87.10048381767795	6.778469216368447	5.640415590930808	48.58883600262494	25.696920077230082	25.269831528721106	0.0
GTTTGTCCATTGCCCAACTTTAGG-1_2	0.0	0.0	813.9916803991343	0.0	0.0	0.0	0.0	0.0	0.0	0.0	0.0	0.0
TAACCAAAGCATCTATACTTTAGG-1_2	512.5531630064033	22.781650959864255	0.0	19.237166518300587	9.01051223792086	0.0	23.318693724264907	0.0	0.0	43.01494475351904	0.0	3.5392205931044995
TAACGTTTCAGCATGGACTTTAGG-1_2	0.0	0.0	11.241820859666444	0.0	0.0	654.525169808868	0.0	6.812440635344154	0.0	0.0	7.54884549654701	24.893030220417653
TAAGGTTCAGCAATTGACTTTAGG-1_2	0.0	545.490028035504	2.339955666992058	0.0	0.0	17.251072255186028	0.0	0.0	24.665526671496252	0.0	26.815348628340214	0.0
TACCAGCTCATAATGGACTTTAGG-1_2	0.7882242614796109	13.999253543783587	592.4682533048425	0.0	16.605693321391872	14.075847049956588	0.0	6.194284981178885	0.0	0.0	1.0396403898891329	0.0
TACCCGGTCTGTGACCACTTTAGG-1_2	0.0	0.0	619.4059962426293	0.0	0.0	0.0	0.0	0.0	0.0	0.0	9.602468190761051	0.0
TACCTGCAGACAGACTACTTTAGG-1_2	100.92976850021473	0.0	406.47187922862963	81.5124313442882	16.077786889836126	1.1721174602992088	32.39809208021828	20.926491172873845	1.7601231466865712	0.2502261161964716	0.0	1.1189530622424815
TACCTTTGTTAACCACACTTTAGG-1_2	392.84468048681504	0.0	22.220571405838758	22.405344414163814	12.838206270714865	0.0	22.310692909337668	3.1380524412723645	4.400437830526799	2.2387700986621546	11.321423341909977	0.9768147341139735
TACTCACCATCACGAAACTTTAGG-1_2	24.05232874408977	49.64036749857107	507.0865034545798	25.518967138229385	0.0	7.713158585423418	0.0	0.0	9.731650347872355	0.0	25.45065410947671	0.0
TAGTCTCCAAGCGATCACTTTAGG-1_2	37.710627305675125	96.2715527833515	0.0	0.0	20.953627279858928	0.0	0.0	44.30864484348486	404.12549684925	0.0	0.0	17.38880120636458
TAGTTGTTCCGGATAGACTTTAGG-1_2	0.0	0.0	0.0	0.0	750.9326202072169	0.0	0.0	0.0	0.0	0.0	0.0	0.0
TATACCTAGAAACCCGACTTTAGG-1_2	50.825906619016024	0.0	473.5053051857702	37.07799819517995	18.53133229184125	5.70438497320118	27.615494142880728	8.197825485127735	19.27265726255877	3.937720187672728	0.0	2.4923131902642863
TATATCCAGGCTTAAAACTTTAGG-1_2	0.0	894.0504944924736	0.0	0.0	0.0	0.0	0.0	0.0	4.669106008518519	0.0	4.2856365111987405	0.0
TATCGCTCACCACAAAACTTTAGG-1_2	426.34924875811254	0.0	95.55601133277878	30.841930354605132	2.4649102831924563	7.504862439395264	43.682910235196005	0.0	21.535093482501736	2.3034284104111014	0.0	41.56088466985095
TATGACTTCATCCAGCACTTTAGG-1_2	53.5682501777373	142.83662311901327	184.36018235167703	85.53755316282876	2.789792667121008	0.0	14.32774490937261	0.0	0.0	0.0	19.522701902380767	5.1060457831794865
TATGTCCCATGAGCTAACTTTAGG-1_2	0.0	0.0	0.0	0.0	0.0	45.506185747861316	0.0	311.16066187130156	0.0	144.91408662827297	519.3039247179441	23.814864456924838
TATTGCCCAAGTTGCAACTTTAGG-1_2	0.0	539.2691080014826	0.0	70.21516714865658	28.23474108728413	3.1574662914067924	4.0772267424545445	2.2304338887997663	105.83183048898397	0.0	1.4125271890499733	0.0
TCAACTAGTGCATCGCACTTTAGG-1_2	26.24886218476316	54.893506337912385	27.6625093583254	28.058838104821632	16.323378922771017	0.0	1.536689190558593	453.68005136588306	0.0	0.0	4.582991163125211	0.0
TCAATGGCATTTGCTAACTTTAGG-1_2	59.43848786421488	10.061188417911222	18.44778115717336	0.0	0.0	377.05203259011427	0.0	10.584818625025637	20.954275730893645	0.0	0.0	3.733844135370882
TCACTCGCACCTACTGACTTTAGG-1_2	576.1111508246393	0.0	0.0	0.0	0.0	0.0	0.0	0.0	0.0	0.0	0.0	0.0
TCATGAAAGCTCAAGGACTTTAGG-1_2	0.0	0.0	0.0	12.521518571398365	0.0	1054.2018954077093	0.0	0.0	0.0	11.828046397060596	11.35717417882212	0.0
TCCAAGTGTAATGCGAACTTTAGG-1_2	0.0	0.0	0.0	0.0	927.8008448863156	0.0	0.0	0.0	0.0	0.0	0.0	15.078529598126053
TCCATTACATAAGCTGACTTTAGG-1_2	0.0	0.0	0.0	0.0	0.0	1105.1757072812313	0.0	0.0	14.769753165423461	0.0	0.0	4.036142307752415
TCCTTCTAGTTGACGGACTTTAGG-1_2	30.88571551534868	19.5172177450469	0.0	0.0	31.541584425229136	51.9376579172937	9.951387566056663	567.4894812882926	0.0	69.66555965546965	17.42174571677789	0.0
TCGCGCTCATAATGACACTTTAGG-1_2	0.0	901.6277377169362	47.62882780798502	0.0	7.379490756452495	0.0	0.0	0.0	15.687676483000036	0.0	0.0	18.34151410394813
TCTAACAGTTTCAGGTACTTTAGG-1_2	460.14626072933214	15.092604012354919	52.42639914723491	13.408199617806751	4.048994395155847	0.0	5.869891687957319	17.022395785164143	24.961200615403616	12.975052298467773	0.0	5.793099762159946
TCTCGCCTCCTTTGGAACTTTAGG-1_2	694.232263730203	0.0	0.0	0.0	0.0	0.0	0.0	0.0	0.0	0.0	0.0	0.0
TGAACCTGTGTTAGCTACTTTAGG-1_2	7.628857510266556	369.89072837652424	61.81685806486778	15.754520187337803	24.797013427724924	30.285094298517325	5.389050278895093	6.450099664354223	5.663132491851208	17.691870179733694	0.0	12.75580054219928
TGAAGGAAGGTTATGAACTTTAGG-1_2	0.0	0.0	0.0	0.0	0.0	0.0	0.0	1200.7178249625133	0.0	0.0	0.0	4.091531470684046
TGATTTGGTATTGCGTACTTTAGG-1_2	81.5187563573404	40.89519064969336	440.7430404216579	0.0	12.011981877272346	17.90493228980247	39.213709488838695	2.009568028397856	6.977703243417218	14.051815684016587	6.3360280151340245	0.0
TGATTTGGTTTGTCCCACTTTAGG-1_2	287.4519685010351	71.20713371786769	75.70278568097535	234.5442938931297	0.0	0.0	5.486786569487733	7.299993904965891	2.827429977301025	0.0	3.779063180761895	0.0
TGCCGGTGTACGTAAGACTTTAGG-1_2	0.0	0.0	0.0	0.0	5.725373194966417	0.0	0.0	0.0	0.0	0.0	918.4110501845869	0.0
TGCGCTAGTAAACCCTACTTTAGG-1_2	315.88313333951	82.96443225265628	0.0	264.7469885242451	0.0	0.0	6.451914086676709	0.0	0.0	0.0	2.4029937673985233	3.964345098664438
TGCGCTAGTAACTACCACTTTAGG-1_2	99.75334039606322	36.71511103569107	71.5644078220905	246.52212568954548	0.0	2.713886195831808	17.80052499963869	0.0	6.43906092127287	0.0	0.0	4.91675792533604
TGCGCTTAGGTCTTGCACTTTAGG-1_2	200.8824466650073	35.101806575350196	22.62163435496288	403.11019618290896	0.0	2.129998777582614	2.756699403322211	16.20049231060453	27.325052324571267	0.0	0.0	0.0
TGCGGAATCCTAAGTTACTTTAGG-1_2	5.407690708625671	8.943642672028494	14.902668623610586	12.736295988517229	637.2406230785409	19.143339629555843	7.16985471619775	16.24999110299462	0.9652534196466697	0.0	14.590569964459844	0.0
TGCTTAAGTTCGAATCACTTTAGG-1_2	0.0	598.2314371577355	1.067393362449063	31.03671803369007	0.0	8.117705961015591	4.290891663161835	2.980150265551485	43.546035896552134	0.0	0.0	10.846365418861062
TGGAAACTCGAAGTTAACTTTAGG-1_2	75.88095126899545	523.7108950777753	0.0	0.0	0.0	8.52935266728566	3.265659626273093	0.0	0.0	0.3452338762817949	0.0	22.95377858567696
TGGATCGAGCAAAGCTACTTTAGG-1_2	282.6359119971686	32.04074608666323	0.0	0.0	21.54566552021199	18.66085307558493	43.40307914535796	152.11163116399248	0.0	37.43721274215003	20.94259749085861	0.0
TGGCGTGCATATAGGTACTTTAGG-1_2	31.013260638506825	204.12601575889568	17.061214848694753	0.0	38.75371165466202	17.576474700769058	54.99915083420125	37.98718182104445	50.69899010650143	4.705148080865568	52.418928688971796	125.64268471871316
TGGGTTTGTAGGTTTCACTTTAGG-1_2	12.637993283735803	0.0	633.0934848426893	0.0	32.32650766346931	0.7757721146116159	0.0	0.0	6.046515971502212	0.0	3.6919698863275117	0.0
TGGTCAACAAGTTGCAACTTTAGG-1_2	668.5049664877849	0.0	0.0	0.0	8.053628303112255	11.801960174666878	1.2234175910953486	6.209824075354784	18.98176240100989	0.0	5.7100222193494075	0.0
TGGTTAAAGTAGCGCAACTTTAGG-1_2	17.93341505554663	8.536354007300769	525.3794351392144	0.0	0.0	0.0	70.07612145688259	0.0	0.0	12.97303518236238	0.0	0.8633503300889316
TGTGCTGGTACTAACCACTTTAGG-1_2	0.0	0.0	0.0	0.0	0.0	0.0	0.0	0.0	0.0	1364.0158222249343	0.0	0.0
TGTTAGTTCAGGCTGAACTTTAGG-1_2	0.0	0.0	0.0	938.9722265534899	0.0	0.0	0.0	0.0	0.0	0.0	0.0	0.0
TGTTCCTTCGTCCCGAACTTTAGG-1_2	0.0	0.0	746.4212534729166	0.0	0.0	0.0	0.0	0.0	0.0	0.0	0.0	6.721824718058959
TGTTCTTGTTATGTGCACTTTAGG-1_2	675.6347332143978	0.0	0.0	0.0	0.0	0.0	0.0	0.0	0.0	0.0	0.0	0.0
TTAGAGCAGAATGGGAACTTTAGG-1_2	0.0	628.4331534942646	38.496078507558586	0.0	35.48527904442643	0.0	24.125970498524136	0.0	0.996182249929512	12.72158880701009	0.0	0.0
TTAGCGGAGGTGAATCACTTTAGG-1_2	0.0	0.0	0.0	0.0	0.0	0.0	0.0	0.0	1227.0156174641968	0.0	0.0	0.0
TTAGGTGCAAGCCTAAACTTTAGG-1_2	532.1709550748424	24.033876596681072	0.0	0.0	0.0	0.0	32.72662036926434	0.0	0.0	3.889632946729324	2.5001329065773708	4.526602458384557
TTAGGTGCATAAGTCGACTTTAGG-1_2	329.8902331356639	20.32750937944754	20.31928125890289	53.90613847015125	16.458100784082177	0.0	43.25535024684935	10.722130891817665	15.763520219705311	6.922938538305559	0.0	9.055524692894075
TTAGTTGGTATTACCAACTTTAGG-1_2	201.6118312535601	0.0	10.815306117911762	371.525165708749	10.222667024234644	0.0	0.0	0.0	0.0	0.0	0.0	0.0
TTCAACTAGTCACCTAACTTTAGG-1_2	0.0	0.0	687.9558105841802	0.0	0.0	0.0	0.0	0.0	0.0	0.0	0.20836322510416264	0.0
TTCCTCCCACTTCGATACTTTAGG-1_2	5.874143404856396	5.461783556440909	0.0	0.0	2.204002257357332	748.01153132124	22.42845826473257	0.0	0.0	0.0	72.47788268876053	0.0
TTCGATTAGCAGGCTAACTTTAGG-1_2	2.0804628732947226	65.84688975093037	457.31767165933013	34.75161169973532	12.187060567026878	1.353314852256021	0.0	7.324994488028375	1.5208873515798385	0.0	0.0	33.86459632892491
TTGAACAAGTTTGAGAACTTTAGG-1_2	51.00786899253408	294.59719115976634	26.668595993823626	31.439260947882723	0.0	21.691077144824753	0.0	17.532216178422956	0.0	34.54970263468995	86.59746633750544	0.0
TTGACATTCACAAACAACTTTAGG-1_2	155.320127635957	91.25562161391605	8.691076228517575	223.70084182703476	2.680735952724739	9.118495741188902	5.7082850378555126	0.0	0.980007277980023	0.0	5.592227619774212	0.0
TTGAGGAGTCACACCAACTTTAGG-1_2	416.4509042389643	55.52536699467425	24.921185396217954	21.564913691976926	2.5550290487522256	4.202318067001393	42.603242731307354	0.0	0.0	23.452686214286764	0.0	1.1841948403952556
TTGAGGAGTTGCGGCTACTTTAGG-1_2	775.2047606612382	14.929921466804458	0.0	9.600764368521173	0.0	1.1553610655829618	10.02450758391769	0.0	12.643407307264942	22.62134561950189	0.0	0.0
TTGTTGTAGTGAATCAACTTTAGG-1_2	0.0	23.56617182224809	0.0	13.717445307741142	17.530185201069077	624.2887002874484	42.35342327239363	0.0	0.0	43.21075612820328	30.272868948474894	0.0
TTTAGTCAGTTACAGAACTTTAGG-1_2	33.087500295816845	577.5814793208709	0.5731833442236575	0.0	26.607128592178153	0.0	0.0	13.069352649844674	0.0	0.0	7.810375810181802	0.0
TTTCACCTCCTAAATCACTTTAGG-1_2	541.37794944263	0.0	25.87362043061578	6.515737546268013	0.0	0.0	0.0	0.0	28.505541382571746	4.4800143664436165	0.0	0.0
TTTCACCTCGTTGCACACTTTAGG-1_2	475.39805437197595	11.69801895948752	14.627070013524664	0.0	8.160872888522324	0.0	16.476162725102483	3.2326495755766107	5.510189938726191	0.0	0.0	16.63819112742759
