	1	2	3	4	5	6	7	8	9	10	11
AAAGCGAAGCGATAACACTTTAGG-1_2	0.0	624.2131365187372	19.437028239877144	33.82238481649265	0.0	13.236342987809449	0.0	8.885069310475624	0.0	0.0	0.0
AAAGGTACAGCCCTTAACTTTAGG-1_2	0.0	693.5453760798015	4.597230727444882	0.0	0.0	0.0	0.0	0.0	0.0	13.502546056504164	0.0
AAATCACCAATCATCCACTTTAGG-1_2	38.26346033953564	361.5933241145744	15.769630900543572	26.74245028513573	49.022524796750716	16.45983589768526	0.0	10.956403607731716	0.0	10.576511811811855	0.0
AAATGAGCATTTGTTGACTTTAGG-1_2	2.6738784113773693	0.0	0.0	10.919768079775906	746.3132123878668	14.820102844850721	0.0	0.0	16.092259011929947	1.6464455693263786	0.0
AACCAACAGGACACGCACTTTAGG-1_2	393.5367913390896	40.024727817820086	63.94326045975134	22.572197769466744	37.922967871660525	42.90716287808315	18.6859336446394	0.0	0.0	5.022525931176985	0.0
AACCTCATCGAACCTCACTTTAGG-1_2	459.36264949813636	82.27371388152292	0.0	11.631480926392548	20.40980085706496	0.0	2.5556810694912855	0.0	0.0	0.5590144481319416	0.0
AACTGAGGTGCTCCAAACTTTAGG-1_2	133.5784718264832	67.37631907090805	121.64769085646809	48.60901868388453	15.685330225736722	55.13593704264029	34.45125718906935	0.0	0.0	2.461530355035914	0.0
AAGACAACAAATAGGAACTTTAGG-1_2	0.0	854.7672359553496	0.0	0.0	6.140117329383067	0.0	0.0	0.0	0.0	0.0	0.0
AAGCCTCTCAATTGGAACTTTAGG-1_2	326.3623891751787	78.7943741433498	157.78328003994704	11.361662315139997	1.573201432642439	5.536002688914559	0.0	0.0	0.0	0.0	4.4523511301888865
AAGCCTGAGTTAGTTCACTTTAGG-1_2	0.0	0.0	21.71623174148901	0.0	6.973328999690926	972.59443574233	0.0	0.0	0.0	0.0	0.0
AAGCGGCTCTAATCACACTTTAGG-1_2	29.999152436880816	109.48283176382277	493.6058103338765	12.00573678407991	17.019143082978264	0.0	35.027567449057514	0.0	0.0	30.03954671935042	0.0
AAGGGAGGTGGTTACTACTTTAGG-1_2	0.0	0.0	0.0	0.0	257.92754838239586	0.0	576.39380917206	0.0	0.0	3.409075156963722	183.85632464212375
AAGGGAGGTTGTTCCCACTTTAGG-1_2	0.0	173.38136649566306	27.657275031408403	357.71089506896186	0.0	21.220063467506204	0.0	0.0	0.0	0.0	0.0
AAGGTTGGTATGGTCTACTTTAGG-1_2	23.72323191119813	570.4102911768923	17.671170421346158	0.0	12.160999392136285	39.8665000237299	5.714861434578787	0.0	0.0	5.8888374169153055	0.0
AATACTGAGGTCAAGTACTTTAGG-1_2	23.32960664786476	680.8221477722252	0.0	1.184283456240375	0.0	0.0	0.0	0.0	0.0	1.1143231263339441	0.0
AATCACGCATCCTTGGACTTTAGG-1_2	0.0	0.0	811.2400865598788	0.0	4.602462709609444	0.0	0.0	0.0	0.0	0.0	0.0
AATCACGCATTTGGCTACTTTAGG-1_2	10.724698250494171	84.53651149620781	58.561965727755876	34.88396866755912	30.925003101203405	517.9072674162732	18.851700709586613	0.0	0.0	0.0	0.0
AATCGCGAGGTTGCAGACTTTAGG-1_2	0.1979367065657076	37.18246165401256	451.5613132983608	0.0	14.493840800578072	0.0	0.0	0.0	0.0	6.607491353669183	3.3446063506457615
ACAGCGGGTTGCGCTAACTTTAGG-1_2	504.85874993872665	0.0	46.32867489408076	28.198662800815857	5.076722325541559	42.24180030505474	7.886276265631725	0.0	0.0	14.458486654146137	3.4398670607909336
ACATACTTCTGGAAACACTTTAGG-1_2	647.8683808456688	0.0	0.0	6.093483121243884	0.0	0.0	0.0	2.86451762872381	0.0	0.0	0.0
ACCAATCGTTCACTCCACTTTAGG-1_2	0.6351050371102547	699.1258289747603	12.64958502998449	25.597532383346852	26.28051088962202	33.615956574684404	0.0	16.587354055920407	0.0	1.544973396926638	0.0
ACCACGTTCGGGACTAACTTTAGG-1_2	580.75286790732	25.97937938330265	12.704199765686871	11.246185270014596	8.130610472003557	0.0	0.0	0.0	0.0	6.375055353825524	0.0
ACCGGCTGTTTCCTCAACTTTAGG-1_2	9.19435354477665	358.7610872974216	123.44799290213581	54.506062770336605	0.0	0.7166047344894938	5.822211390494687	5.583641125069453	0.0	7.1357588801314495	0.0
ACCTCTAAGGTAGTTAACTTTAGG-1_2	382.14281384093243	82.74243005279182	53.81807378406634	13.540445119204799	5.448334565178542	16.812482397873453	0.0	21.75370900227484	0.0	7.812300986082837	11.32998461139801
ACGGTAAGTCAAAGGCACTTTAGG-1_2	530.660617817873	0.0	0.8921669691855053	0.0	0.0	0.0	2.7947864866783743	0.0	0.0	0.0	9.200074114152978
ACTAATGAGGAAACTCACTTTAGG-1_2	0.0	486.2012125509808	5.2212904978267325	0.0	0.12166485976729012	39.99550444689812	14.576654155899897	0.0	0.0	13.036185013549716	0.0
ACTACAAAGGATTATGACTTTAGG-1_2	37.39410281391642	0.0	592.5781993917748	2.8468468133955693	0.0	6.924893233187915	0.0	0.2157779248715036	0.0	50.04836233653674	0.0
ACTACTAGTTTGAGCTACTTTAGG-1_2	36.0502109083561	181.72808576220126	0.0	344.8017044588684	0.0	0.0	0.0	6.806007111167702	0.0	0.037741844751271854	0.0
AGAAGCAAGTCGTTCAACTTTAGG-1_2	84.3721168670289	552.8084493843182	2.474120897015333	0.0	4.517589082598511	9.0054949753853	0.0	5.869037433974241	0.0	0.0	5.638204520468403
AGAAGGTCAGGCTATAACTTTAGG-1_2	0.0	1013.1347705119215	0.0	0.0	0.0	0.0	0.0	10.865583888182776	0.0	0.0	0.0
AGACACTAGCTAGATAACTTTAGG-1_2	939.3862464273153	0.0	0.0	0.0	0.0	0.0	0.0	0.0	0.0	0.0	0.0
AGATTAGTCAACCTCAACTTTAGG-1_2	427.17340441442286	0.0	0.0	7.810992780660183	105.82883159771511	49.873902405529876	0.0	79.89300892066838	42.31680955025493	48.506512246478934	0.0
AGCATCCTCATGGAACACTTTAGG-1_2	634.1737494073112	0.0	0.0	0.0	0.0	0.0	0.0	0.0	0.0	0.0	0.0
AGCCATTGTAATCCTAACTTTAGG-1_2	39.8489963971282	376.6096766852797	75.7451122498992	1.7150697697480346	0.0	5.830547391973612	0.0	0.0	0.0	6.0581782126865	0.0
AGCTAAATCGGGACTAACTTTAGG-1_2	0.0	22.179654919475603	587.6536118067731	6.229587375886521	0.0	0.0	0.0	5.659483950614929	0.0	6.468608125349887	1.3937996239840817
AGCTACCTCCGGATAGACTTTAGG-1_2	589.2939631183809	0.0	26.673436590188714	0.0	0.0	0.0	0.0	0.0	6.135072403502566	10.786993044581829	0.0
AGCTATGCAAATACCGACTTTAGG-1_2	512.4897426454136	21.389852365417315	26.747286862262314	7.118336856712558	2.30595060335002	3.604651775726504	0.0	15.203811193579273	0.0	6.8087780537627784	8.632149781615716
AGCTGGCAGGTGAATCACTTTAGG-1_2	523.893152950452	38.99375743815941	33.790077189002076	27.72997783516216	20.669160883598398	7.509394364518782	0.0	9.399494730469874	0.0	6.558957268077475	0.0
AGGGACCTCAGTTAGAACTTTAGG-1_2	17.582721889655126	0.0	684.7376235312233	13.034456378986212	17.62320142180292	6.361821506713365	0.0	0.0	0.0	1.0131872713953223	15.917168846431926
AGGGTGGAGGCCTTCGACTTTAGG-1_2	453.4932723502628	30.222653994829336	37.22965254449941	12.946672089808763	12.777070361169924	34.878952615302076	0.0	3.6041783164072703	7.582081340575912	0.0	0.0
AGTAAACGTGACACAAACTTTAGG-1_2	68.68804846529288	516.6513527768407	43.55860208073167	14.051241036688287	19.491877796485337	12.392982514506405	0.0	0.0	0.0	0.0	0.0
AGTAGGCGTACAAACGACTTTAGG-1_2	0.0	691.8700493182598	0.0	7.372893670433359	4.952427066939908	44.84815464211554	5.247238491704261	0.0	1.5253282525328478	0.0	0.0
AGTGACCCAGAATCGCACTTTAGG-1_2	42.92311675987823	79.44903860493164	408.06917903680204	104.01398370025761	0.0	0.0	22.020242307725123	0.0	0.0	77.39258247527414	0.0
ATAACCAAGGTGAGCCACTTTAGG-1_2	0.0	570.3094815970202	65.11451798130678	0.0	10.605909590646537	2.5890013015020528	0.0	0.0	0.0	1.1171318883249077	0.41050178136929505
ATAAGCCAGAGCAACTACTTTAGG-1_2	7.770634912915926	0.0	679.5568920528386	0.0	0.0	2.2181356569149595	0.0	6.500378520241603	18.102374323201524	0.0	0.0
ATAGAAGCAGTGAGGAACTTTAGG-1_2	390.36194705889847	55.16770868544797	66.65965057287993	29.328916054659654	7.212555998986967	56.62019983577485	19.758066622579253	0.0	0.7294340104545891	41.798381031702604	0.0
ATATAGCCATGGGTTAACTTTAGG-1_2	4.344149721697125	0.0	666.6066128478195	0.0	0.0	6.755894816091649	0.0	1.5034751031593263	0.0	0.0	0.0
ATATCGAAGGGTTTGGACTTTAGG-1_2	0.0	49.23617671184859	4.347483398653124	50.151791701078125	6.6115816376177	679.926826696705	3.0320377122509443	0.0	0.0	9.49356703820431	2.866493596529697
ATCAGGTAGAAACTCAACTTTAGG-1_2	0.0	0.0	530.5995905909687	0.0	0.0	36.77388295545351	0.0	0.0	0.0	0.0	0.0
ATCGCGCGTTTACCGGACTTTAGG-1_2	8.680279364928726	0.0	0.0	751.7345371380488	0.0	15.779470899561161	0.0	0.0	0.0	0.0	0.0
ATCGCTCAGGAACCATACTTTAGG-1_2	211.24316213093982	11.199669458221488	10.806082345588978	9.18744229817826	12.164216004252824	47.3982429052927	63.64442307610363	360.7373188869683	0.12493022071518567	0.028267815889173584	0.0
ATCGGGCAGGACAACTACTTTAGG-1_2	0.0	0.0	0.0	0.0	0.0	0.0	0.0	0.0	0.0	963.016535642442	0.0
ATGAAAGCATTTGTTGACTTTAGG-1_2	618.4482140568147	31.041034229610236	0.0	0.0	0.7244962911881324	0.0	0.0	0.0	8.830492092107615	3.83553435360302	3.396971007587525
ATGAGGAAGTCTGTGCACTTTAGG-1_2	79.65310408494055	412.316760250017	91.09199564935334	0.0	5.653069707465306	4.747484405272462	40.26546937275857	0.0	0.0	35.49312365681949	6.125368663161936
ATGGCCTTCCAAAGGTACTTTAGG-1_2	21.46416438672548	419.8995522549191	129.69548733549126	6.601030345651571	19.141442492269977	41.15511748467082	3.8364326780180003	0.9285426648790205	3.748992187902264	5.931638471096469	8.533038608110752
ATGTGGGTCCGCCTCTACTTTAGG-1_2	0.0	809.8092704611425	0.0	8.640465286522883	28.018218426956576	15.04483219877561	22.251585087409254	0.0	0.0	0.0	0.0
ATTATGGAGTGTTTGTACTTTAGG-1_2	501.34356671265107	0.0	14.337598683458536	0.0	12.498864565574785	25.361289171895276	0.0	0.0	0.0	6.183916916717486	0.0
ATTCGATTCTAAATCCACTTTAGG-1_2	54.921353593404795	0.0	37.04038697271273	8.46097697309838	0.0	699.3504885073278	0.9625923337241352	0.0	0.0	0.0	0.0
ATTGATGAGCAGGCTAACTTTAGG-1_2	0.0	106.39410715058582	73.72086381464348	24.585618875832086	90.62225525162431	50.1851925943752	127.0883375054464	0.0	0.0	25.460563138320726	0.0
ATTTAGGAGGAAGCCCACTTTAGG-1_2	582.753464237944	6.3526351097185545	0.4829062245388095	0.0	0.0	0.0	0.0	7.320738068973069	0.0	12.547945498643816	0.0
CAAGCGATCTAATCACACTTTAGG-1_2	0.0	587.5457948519747	22.29270272003796	17.279704544946	28.5592375409137	0.2279417113652827	0.0	0.0	9.94134946960126	24.727186735063768	0.0
CAATACTTCTATGCATACTTTAGG-1_2	0.0	672.6036146227765	0.0	2.4996555836699765	0.0	22.589101753786046	22.841301004544228	0.0	0.0	4.787216098310143	0.5112027246065826
CACAAGCCAGGCAACTACTTTAGG-1_2	940.8657202088666	0.0	0.0	0.0	0.0	0.0	0.0	0.0	0.0	0.0	0.0
CACGTTATCCCAGACTACTTTAGG-1_2	0.0	0.0	867.5484123803192	0.0	0.0	0.0	3.3947563221139623	0.0	0.0	0.0	0.0
CAGCTGGCAGTTATGGACTTTAGG-1_2	0.0	775.3546476785532	0.0	0.0	18.507415194117957	0.0	0.0	32.655904912575075	0.0	0.0	0.0
CAGGGCAGTCAATCGTACTTTAGG-1_2	65.59345479663642	338.99516664494047	19.67048360156482	24.3626793306135	32.32018374236388	46.3730877141751	49.318226773374775	0.0	0.0	5.01355545099096	0.0
CAGGTTCTCGCTCAGTACTTTAGG-1_2	0.0	625.4995997095199	0.0	0.0	10.21459481070198	0.0	0.0	17.91338789132226	13.615616855134279	0.008214127681752212	0.0
CAGTATTTCCTGGAAGACTTTAGG-1_2	39.75812504309771	86.61164350988669	390.2936567435237	28.40004083895539	46.85742464981559	6.972919694156478	0.0	3.4739872101733615	0.0	23.32440708723508	0.0
CAGTGTGAGGTGAGAAACTTTAGG-1_2	515.4361636946181	26.07607650000175	0.0	0.0	0.0	66.53543532104263	0.0	0.0	0.0	0.0	0.0
CATCCTTTCACCTAATACTTTAGG-1_2	0.0	844.0907753511482	82.05358984585898	0.0	0.0	0.0	0.0	0.0	0.0	0.0	0.0
CATTAGCGTATTTCGAACTTTAGG-1_2	98.1020301217078	539.4623073715292	9.269768307265918	0.0	0.0	0.0	2.587391768523845	0.0	0.0	0.0	0.0
CCAAGACCACTTCGATACTTTAGG-1_2	920.9428210981603	0.0	0.0	0.0	0.0	0.0	20.3497165360782	0.0	0.0	0.0	4.9444883070197365
CCAAGTGAGCCATAAAACTTTAGG-1_2	120.3668248747067	90.86700703811844	74.62851674516953	0.0	50.41681637308287	34.692786259719206	0.0	128.0861888134749	45.47950867915615	13.182392952645596	0.0
CCACATTCAGTAATACACTTTAGG-1_2	111.84755945973889	214.5152291581086	123.9529965124296	16.598079895666945	21.92968520829832	7.431992504192522	0.0	11.19201747610332	14.915789812014522	0.0	0.0
CCACTAATCGATTCTGACTTTAGG-1_2	0.0	0.0	0.0	0.0	0.0	0.0	0.0	1328.3936423164098	0.0	0.0	0.0
CCACTAATCGGGCAACACTTTAGG-1_2	0.0	0.0	544.6906165209247	8.620209653488232	0.0	6.8230604707102644	0.0	6.250013397884305	1.6383234431597604	0.0	0.0
CCAGGTTTCAACTTGTACTTTAGG-1_2	14.654571176086254	7.416025845023453	444.22622981158906	0.0	0.0	1.6273755334957558	0.0	0.2803114165931702	9.392051046271368	10.60155886790319	2.576519114949914
CCATCAGGTTGCACTGACTTTAGG-1_2	1.1731048227766714	237.62023918247755	9.076283240094943	315.2739775476932	0.0	4.8968074584798655	36.419203430128974	0.0	0.0	6.232699235478763	2.2932540975887163
CCATTCGCATTGCCTGACTTTAGG-1_2	517.3162862065202	5.374135822793165	4.993695147801129	7.653203821570532	39.07749856174731	55.749651855832994	9.703360378864353	0.0	0.0	12.293515081943925	9.16793727558739
CCCACTTGTAAACCCTACTTTAGG-1_2	50.900710901633666	348.8926209476031	120.77246355399872	68.75709440859474	0.0	0.0	9.934587865145783	2.1989793114985066	0.0	7.682323957848933	0.0
CCCTGTTGTTAGCATCACTTTAGG-1_2	315.37275627589673	47.06810365201538	103.85783655679168	26.194852906284403	9.078924010286446	1.0528667790680568	0.0	6.062497184981481	9.469392651271592	3.4366886121075972	0.0
CCGGTACGTTGAGTCTACTTTAGG-1_2	529.6353875483971	40.00653985041294	0.0	10.419439719910944	16.749198505046618	21.25331739261268	0.0	0.0	0.0	2.3940742021747443	21.96948365383151
CCTCAATCAACATAGTACTTTAGG-1_2	4.4680930648895565	9.268518540847406	563.6898768355795	0.0	1.6014083749490942	20.07665883121994	5.226584252327571	0.0	0.0	2.414172085988278	0.0
CGACTTTCAAATCACGACTTTAGG-1_2	236.6146177304466	29.414360970800338	20.633864092150482	32.418637576985084	11.456484793435228	46.600514568461485	27.000575815682055	0.0	0.0	28.705590731179885	13.806529894293513
CGATTGACACGGTAACACTTTAGG-1_2	0.0	12.307882727284996	575.0672239627972	18.001074540336703	0.0	13.066650359043914	0.0	0.0	0.0	0.0	0.0
CGCACATTCATTGCATACTTTAGG-1_2	67.69855948339148	45.122416843469125	45.989100514781406	6.567843193294945	60.44039229404276	134.3426437267279	13.495842118000349	0.0	0.0	74.38569654795197	0.0
CGCAGCACACTAGTAGACTTTAGG-1_2	851.1136310131382	0.0	0.0	0.0	0.0	0.0	0.0	0.0	0.0	0.0	0.0
CGCGACACAAGCGAAGACTTTAGG-1_2	30.67082582666675	565.9880102998735	0.0	2.241888024712909	0.8193545819468702	0.0	0.0	0.0	0.0	0.967437857029458	0.0
CGCTGGACATGTGGCGACTTTAGG-1_2	36.05008315449873	746.0749995300403	63.00446818133393	0.0	15.82492067504528	0.0	0.0	9.622609972790706	0.0	0.0	0.0
CGGAACCAGTCTAACTACTTTAGG-1_2	3.520078222102627	0.0	0.0	0.0	0.0	1331.7160843466966	0.0	0.0	18.031554096864294	0.0	0.0
CGGTCAAAGGCGAGAGACTTTAGG-1_2	2.881325624607528	478.04611312369883	88.31615269403036	1.2108595503558142	30.72414563242338	6.203762376985873	0.0	0.0	0.0	21.37312010275207	0.0
CGTAATCGTGGACACGACTTTAGG-1_2	37.18160131827376	109.61040655774795	37.717575683919385	112.61018368215086	16.214155627739252	49.983533368938424	24.7833141409563	0.0	0.0	40.23583387265725	45.786483698682815
CGTAATTTCCTGGAAGACTTTAGG-1_2	640.6872670776849	0.0	0.0	0.0	0.0	0.0	0.0	0.0	0.30505097116251795	0.0	0.0
CGTGTCCCATTGCATCACTTTAGG-1_2	551.0606532941857	0.0	0.0	0.0	18.51046007677837	28.657083621372845	21.843039408216065	0.0	0.0	0.0	0.0
CGTTATGTCGCCTCGAACTTTAGG-1_2	0.0	5.264766705086675	0.0	0.0	820.0914539331812	0.0	0.0	34.59722921052128	0.0	0.0	0.0
CGTTTGGGTGACCTTGACTTTAGG-1_2	72.638358425831	37.922171249969445	424.41069939489853	8.11828351540635	1.7069430026837495	0.0	0.0	0.0	0.0	68.7214373540342	0.0
CTAAGTGCATCCGCTAACTTTAGG-1_2	0.0	0.0	741.4357244175586	0.0	2.404560986482736	0.0	0.0	0.0	1.8032555361679468	0.0	0.0
CTACCCACAAGTTAACACTTTAGG-1_2	0.0	0.0	3.013889792733866	0.0	0.0	0.0	0.0	0.0	1439.439394385027	0.0	6.789168919446302
CTATCCGCAGCAATTGACTTTAGG-1_2	174.53637653885627	54.58764402320789	48.81803053198956	37.181085676913376	36.407886957654334	41.51376500733058	24.33043213090059	0.0	0.0	3.4232563886441003	0.0
CTATGCTCAATGTGGCACTTTAGG-1_2	0.0	43.428410054569135	10.074241052783659	616.7841967327611	2.0723021514609417	0.0	0.0	0.0	1.4039755325010903	16.372348025838473	0.0
CTATTACAGCCACTCGACTTTAGG-1_2	0.0	8.078642965512097	514.6292067903298	17.299288860156526	8.540749538328383	14.625478024068496	0.0	17.99765696846573	0.9962410281923626	0.8895626987321353	0.0
CTCAACATCCAAATAGACTTTAGG-1_2	0.051336106245712124	588.644931052756	19.247620679608463	3.131348314823315	0.0	52.915987953459336	3.2802518618588157	0.0	0.0	0.0	0.0
CTCATTACAAGCTTTCACTTTAGG-1_2	0.0	500.33957548661	215.59296489315815	0.0	0.0	0.0	0.0	0.0	0.0	0.25259640436224295	0.0
CTCCATCGTTTGTTGAACTTTAGG-1_2	92.71647634824649	1.5408625896700119	494.44069992914103	5.296938473985603	70.10969243171289	20.870590205835267	0.0	0.0	0.0	10.054324689618836	0.0
CTGATCCAGCACGTTCACTTTAGG-1_2	573.1519896533705	63.374161954647775	0.6521293154963317	23.470690796591096	0.0	20.7965265471679	0.0	0.0	0.0	12.91276103071552	0.0
CTGCAACTCAGGGATTACTTTAGG-1_2	6.942726951973124	6.650177182234769	585.4458144908778	0.0	0.0	26.413002827394113	0.0	0.0	0.0	16.10288858812069	0.0
CTGGTTATCTCTCGCCACTTTAGG-1_2	41.565547290270445	368.17172477631124	21.31480379981773	7.059996512758481	2.8076043454161015	10.747385340074565	16.33855597569189	29.762127001003527	0.0	6.938450864588319	0.0
CTGTTTACACCATCCAACTTTAGG-1_2	6.4775149785144475	695.148796088687	10.26730347673689	0.0	0.0	32.80991037452406	0.0	0.0	91.89091315269336	12.148743868437833	0.0
CTTCAATAGGTAAGCTACTTTAGG-1_2	0.0	790.5919367777029	0.0	222.49540015626908	0.0	0.0	0.0	0.0	0.0	0.0	0.0
CTTGCTGCACATGAATACTTTAGG-1_2	0.0	28.075684024647156	0.0	20.100669823669325	19.27265234524745	6.382767278201076	635.6407289879176	0.0	0.0	37.966560661859745	61.85549185425149
CTTTAACAGGGTTTCCACTTTAGG-1_2	11.414157941000235	300.81614396194954	203.71270973994928	56.35230239314842	0.0	0.0	0.0	12.19870748831031	0.0	25.293904274870158	0.0
CTTTAACAGTCGAAGTACTTTAGG-1_2	450.8161311622711	21.66573435184294	42.64538531699404	9.649364437517532	34.06824796208146	22.91560690293858	0.0	1.9121104215882339	0.0	5.489036452915245	0.0
CTTTCGTTCGCAACGAACTTTAGG-1_2	43.46696199314804	574.1685240856441	0.0	1.0154863543266492	20.50991718828247	26.372500454507897	2.2432335308891664	0.0	0.0	0.0	0.0
GAACAATGTCAGGATAACTTTAGG-1_2	17.41261954557323	0.0	26.1345936333538	631.125672896221	0.0	0.0	0.0	0.0	0.0	0.2508287473433529	1.3804061414452005
GAAGAATAGCTTAAAGACTTTAGG-1_2	609.7206060572313	0.0	0.0	21.20663680673001	11.198247214780253	6.232716856158349	0.0	0.0	0.0	0.0	0.0
GAAGTATGTGCGGCTTACTTTAGG-1_2	519.2302942563103	42.38606018918046	36.956695150734	2.599101768915618	5.90738390740205	2.6932649781740134	0.0	0.0	6.092970079074142	3.8822413328455654	0.0
GAATGACTCTGGTCTAACTTTAGG-1_2	0.0	61.889607678491956	0.0	29.35736774767076	69.82722345460215	24.897197088580533	411.2782189204992	0.0	0.0	0.0	10.448772042060092
GAATGCGTCAATTTGCACTTTAGG-1_2	647.3382723632633	3.884209411666781	9.548855999260294	0.0	0.0	0.0	0.0	0.0	0.0	0.0	0.0
GACAGGGAGGAAGCAAACTTTAGG-1_2	151.68041529180852	19.98270977418508	18.979258847784173	2.8330223612812615	15.805018229922492	39.837662365405656	121.2532772580223	14.309574829825953	16.107909056718412	0.0	0.0
GACCGTGCAACTAAGTACTTTAGG-1_2	466.58871387054563	22.69256310943908	3.8467002038408773	33.38134884986801	4.0766892027685895	0.0	0.0	0.0	0.0	0.0	11.450477285627096
GACTAAATCTGGTCTAACTTTAGG-1_2	635.3014005812007	26.831535656355708	4.165943406106338	8.805783067521865	0.0	41.88481607933504	0.0	21.80819043863385	0.0	0.0	0.0
GACTCAACAGATTGCAACTTTAGG-1_2	27.25666023421823	459.49564413388197	33.17553820956983	0.0	14.233523153763262	0.0	0.0	16.38896132197056	0.0	0.0	11.375594880257772
GACTTACGTCATTATGACTTTAGG-1_2	430.358951597561	4.357054152583199	78.7636230907455	24.499378661996055	2.1588527579700405	0.0	3.036445013119631	0.0	0.0	0.0	14.679367685451696
GACTTACGTTAACGAGACTTTAGG-1_2	76.1629474764771	20.27881992069784	9.764029782417648	39.94931696271736	25.71117234052907	59.19169262823923	0.0	22.411457280833623	48.37112124952732	0.0	6.675211295637482
GAGCAAGCACCATCATACTTTAGG-1_2	0.0	0.0	0.0	1.494829163076804	0.0	0.0	0.0	902.1659245302961	0.0	0.0	0.0
GAGCTATAGCGCTCCAACTTTAGG-1_2	127.81670416613403	242.08810155126292	0.0	21.446745960819335	25.494265293158737	18.968441692449446	18.914030669295165	164.40265062026376	41.5661997140391	37.44368569939237	0.0
GAGGAGTAGCAATCGGACTTTAGG-1_2	0.0	0.0	0.0	867.0385783141129	18.571763941238864	0.0	0.0	0.0	0.0	0.0	0.0
GATATGATCCTGTTCTACTTTAGG-1_2	49.55610533602648	642.4448950807514	0.0	0.0	0.0	0.0	0.0	0.0	0.0	0.0	4.683738543949505
GATCACACACCAACAAACTTTAGG-1_2	551.7452379736858	46.97225858007075	106.4719204122407	65.96496163959634	36.74965531423113	0.0	0.0	29.737643410042768	8.57954026077431	1.0251987047136781	0.0
GATGGTAGTGAACGACACTTTAGG-1_2	376.51323929236395	34.156873401995064	87.97835092502183	17.187110432918193	0.0	31.296443113515668	1.8315838233773762	6.11233564676547	0.0	0.0	0.0
GATTAGTCAACAGAGGACTTTAGG-1_2	88.45354481820083	88.36146043839177	254.94287268044448	20.821253187906507	0.0	12.658157108767464	0.0	0.0	0.0	15.179887297681377	0.0
GCAAATTCAACCGGATACTTTAGG-1_2	1.3587563457190894	606.7117343427901	12.385462470177973	14.766402707936987	30.40380006397834	0.0	0.0	0.0	0.0	0.0	8.609623667879783
GCAGCAATCTTGATCGACTTTAGG-1_2	0.0	663.7069303938164	31.0671315670621	0.0	0.0	0.0	20.229882076082443	0.0	0.0	0.0	0.0
GCAGGCTAGGCGATATACTTTAGG-1_2	101.87569731699865	0.0	378.4252799583198	15.82221792581325	0.0	18.210032663210946	5.569956885128252	0.0	0.0	9.434393313613185	0.0
GCATTTGTCGGTTCCGACTTTAGG-1_2	107.04503779756233	62.72037310606955	295.07984846560856	72.12869419341364	0.0	0.0	0.0	0.0	2.279405645482095	60.89057861998311	0.0
GCGAGCTAGTTTGCATACTTTAGG-1_2	559.2086500726638	23.387551437782513	0.0	0.0	34.12027050570105	31.25948746204015	0.0	0.0	0.0	0.0	0.0
GCGTTACTCCCGCTGAACTTTAGG-1_2	494.5968626000967	4.064000506420428	0.0	4.5154848985224545	28.45734932381454	0.0	7.949359290607908	8.68593927452103	0.0	0.0	0.0
GCTAACTGTGCTTCGAACTTTAGG-1_2	0.0	0.0	632.2323208373385	8.419975539927457	0.0	0.0	0.0	0.0	0.0	0.0	0.0
GCTCACCCATCATGTCACTTTAGG-1_2	509.18367290470263	0.0	0.0	21.51330355718852	28.202030205316685	7.441467470837941	0.0	2.0115523303966643	0.9711326194301018	10.770561877280544	0.0
GCTCACTAGGTATAGCACTTTAGG-1_2	0.0	552.9492410613486	9.520388015395191	1.425199953507474	9.459895161385921	7.610406124505536	19.363963531682913	0.0	0.0	12.073219373483012	32.74698993181376
GCTCCATAGCCTGCCAACTTTAGG-1_2	0.0	585.3785541638699	26.083731883476254	0.0	9.727083692045168	0.0	0.0	0.0	0.9214659118066565	28.95525848429068	0.0
GCTGGATCACCACACCACTTTAGG-1_2	0.0	35.119429980020485	0.0	0.0	7.858599801053675	994.271173957913	0.0	0.0	0.0	1.79718156866071	0.0
GCTTACATCGTCAATTACTTTAGG-1_2	530.1850549272956	40.62382591881564	18.397369210710618	20.841179717562003	6.27702445899806	0.0	0.0	0.0	0.0	0.0	0.10684639782325249
GCTTGATGTTTACGACACTTTAGG-1_2	507.03929256344253	98.11744956623875	47.449278110848994	0.0	0.0	0.0	5.595035787096521	0.0	0.0	1.4725467453302379	0.0
GGAACCGGTATAGTGGACTTTAGG-1_2	554.900279047744	0.0	0.0	6.144838264855872	0.0	1.8015175044534595	0.0	0.41774004462800635	0.0	0.0	0.0
GGAAGCCTCGTCCCGAACTTTAGG-1_2	124.3560985494339	23.986933565378067	505.1951200364147	0.0	0.0	29.37665200088175	0.0	0.0	0.0	0.0	0.0
GGATTGCCAGAATCGCACTTTAGG-1_2	28.03365121979551	805.9014680874349	0.0	0.0	0.0	0.0	0.0	0.0	6.733001094528723	0.0	0.0
GGCAATCCAAATAAGGACTTTAGG-1_2	0.0	520.7672657379959	0.0	6.900094509995961	0.0	1.2527960715943143	0.0	0.0	0.0	8.444267829942987	0.0
GGCATGATCGACTTTGACTTTAGG-1_2	36.997119073032586	11.211085013261924	452.45324938112805	0.0	0.5073512454129334	17.0934434708006	1.8789352545593214	0.0	0.0	0.0	0.0
GGCATTTGTAATGCCTACTTTAGG-1_2	194.14759480010213	49.486562063773896	286.38921950009274	1.279238559500916	0.0	0.0	8.599090914429578	0.0	0.0	0.0	0.0
GGCCTTTAGCAGGTTGACTTTAGG-1_2	803.8293543519022	0.0	0.0	0.0	0.0	0.0	0.0	0.0	0.0	0.0	0.0
GGCGAATGTAAACCCTACTTTAGG-1_2	33.09930941328648	602.4448608127284	14.90070940266099	0.2383444830121765	2.466863352698471	3.9043982479159687	0.0	10.122958514192218	12.83493801030041	0.0	0.0
GGCTGATCAATTGAGTACTTTAGG-1_2	1.3418910411066327	492.9131395726203	30.953450380419397	26.226029069723317	0.0	12.967329126358162	17.899524694472117	0.0	0.0	0.0	18.901996423240195
GGCTGATCACCTACTGACTTTAGG-1_2	26.94634508660647	54.62542870483177	3.9603685477297343	18.36890574315404	79.80813826535557	24.146085593118762	286.333656680553	357.1426741813396	31.48019109007638	14.828827678944393	0.0
GGCTTAGAGGTTAGGTACTTTAGG-1_2	0.0	51.16896950062256	19.95869300595803	15.91045570360214	9.219923675321542	695.9045958864389	10.522761864954598	0.0	0.0	5.442364999066413	0.0
GGGATGGAGATAGCTAACTTTAGG-1_2	584.4349193411853	23.065054073249403	15.72804821996323	2.1764617969100604	13.926934037899342	12.631786515092244	0.0	1.5442248082722412	0.0	0.5646597511994847	0.0
GGTGTGATCCTAAGTTACTTTAGG-1_2	38.34498352664765	535.1587928586695	0.0	13.578551675952328	0.0	34.23865516710861	0.0	0.0	0.0	0.0	0.028467902572440487
GGTGTTTGTACGAATGACTTTAGG-1_2	276.8576454725106	27.50488421515148	50.59837684916582	291.68620349229565	0.0	0.0	0.30159286422268344	0.0	0.0	0.0	5.109586162775609
GGTTACCTCGGCTAAGACTTTAGG-1_2	0.0	801.4388876195496	0.0	0.8512219164065199	5.476701289803589	0.0	15.823975698343338	0.0	0.0	7.450529921187571	0.0
GGTTGACCAATAGAAGACTTTAGG-1_2	15.406759624505028	679.2132712534777	0.0	0.0	1.1759474973977802	7.7989702727555565	0.0	0.0	35.8532738882216	0.0	0.0
GTAACCTGTAACGTGAACTTTAGG-1_2	648.2514851466227	0.0	3.9349565622406746	0.0	0.0	3.0890557744897458	0.0	11.579616143938564	0.0	19.163040724609264	4.103642129707738
GTACCTATCCTTGTTCACTTTAGG-1_2	35.11786260883095	467.14298181802843	0.0	0.0	2.2176250568111744	3.0429524563019053	0.0	0.0	10.299078493038188	0.0	0.0
GTTAGCGAGCTAAATGACTTTAGG-1_2	0.0	2.993017035708182	553.99242278718	0.0	0.1327397887750873	0.0	0.0	0.0	0.0	0.0	0.0
GTTCCATCAGCTCGCTACTTTAGG-1_2	0.0	12.24113743577073	547.1799235327499	0.0	4.650943578529692	0.0	0.8871444290144169	0.0	0.0	0.07386244649251689	0.3183918629437778
GTTGGATAGGGCGGTTACTTTAGG-1_2	549.751031462953	12.387332200966659	109.47589725266235	8.422511263685212	16.889593756561133	73.82514587284267	0.0	23.46158221300615	0.0	2.5581763241285493	0.0
GTTGTTGTCGATTAAGACTTTAGG-1_2	495.18908460700385	34.54339215172067	46.54905029447953	6.104375618079669	0.0	0.0	31.511517413237414	0.0	0.0	0.0	0.0
GTTTGGGAGCAAATTGACTTTAGG-1_2	7.037543552968671	44.44648139784469	35.83214737338754	5.99377166754759	96.19314737781035	8.504805727845019	22.452811218863072	0.0	25.636723223360164	0.0	1.7146580178569948
GTTTGTCCATTGCCCAACTTTAGG-1_2	0.0	0.0	821.5601145301508	0.0	0.0	0.0	0.0	0.0	0.0	0.0	0.0
TAACCAAAGCATCTATACTTTAGG-1_2	530.417399919421	29.17131491391196	0.0	10.302307392495965	7.910960388755813	24.491332899219852	7.7508666958743095	0.0	0.0	4.298971921529504	6.618230011117964
TAACGTTTCAGCATGGACTTTAGG-1_2	0.0	0.0	10.51984309466685	0.0	663.6191407856809	0.0	0.0	6.038624596796999	5.318533927095427	25.032970287197575	0.0
TAAGGTTCAGCAATTGACTTTAGG-1_2	0.0	558.3380116179734	2.9739303086650652	0.0	18.508352156838203	0.0	0.0	0.0	27.366530414115335	0.0	0.0
TACCAGCTCATAATGGACTTTAGG-1_2	0.0	10.545232756089957	599.3143245973723	16.20068522976399	13.07030181441124	0.0	0.0	6.120156739107147	1.2642382674799635	0.0	0.0
TACCCGGTCTGTGACCACTTTAGG-1_2	0.0	0.0	625.1752346541281	0.0	0.0	0.0	0.0	0.0	9.4635443170506	0.0	0.0
TACCTGCAGACAGACTACTTTAGG-1_2	128.8071404085231	0.0	426.8643437377974	20.008687835544375	5.460623595529585	37.12936629147501	10.728901558381107	15.007097193984729	0.0	1.696054097833667	0.0
TACCTTTGTTAACCACACTTTAGG-1_2	406.1934001551035	0.0	24.997606066397406	13.370019924999513	0.0	25.392289069316536	6.6211079730047215	0.0	3.080197929337255	1.412816678940575	8.864964614659701
TACTCACCATCACGAAACTTTAGG-1_2	32.01946896115391	53.326257348590445	519.6850339141921	0.0	9.853583868203323	0.0	0.0	0.0	18.29702712353384	0.0	7.872103818839851
TAGTCTCCAAGCGATCACTTTAGG-1_2	90.32833374191735	258.7754630394363	0.0	31.709341917857905	11.510646962023271	0.0	0.0	77.93209379662153	0.0	18.903469750301888	0.49715127237542805
TAGTTGTTCCGGATAGACTTTAGG-1_2	0.0	0.0	0.0	755.209046131057	0.0	0.0	0.0	0.0	0.0	0.0	0.0
TATACCTAGAAACCCGACTTTAGG-1_2	64.92793912499722	0.0	488.86894586707507	21.13020501530628	9.036920988095805	30.838418383058073	14.787212104204995	0.0	0.0	2.673705459395591	0.0
TATATCCAGGCTTAAAACTTTAGG-1_2	0.0	892.5995977399461	0.0	0.0	0.0	0.0	0.0	0.0	4.4777539035719585	0.0	0.0
TATCGCTCACCACAAAACTTTAGG-1_2	446.67500579229613	9.584425116912113	98.78918293639899	3.654869899101188	10.900629498103442	47.255543212444785	0.0	0.0	0.0	43.17507200096385	0.0
TATGACTTCATCCAGCACTTTAGG-1_2	80.12412816470341	151.6209041601725	202.8536138099951	7.403451670726644	3.6796286707966495	18.954904270293532	0.0	0.0	17.490733273850307	5.868114098178847	2.581036962601581
TATGTCCCATGAGCTAACTTTAGG-1_2	0.0	0.0	0.0	0.0	60.632396855247144	0.0	429.2521425854739	0.0	480.3761128221249	24.226306013405818	48.51170505398333
TATTGCCCAAGTTGCAACTTTAGG-1_2	1.2446497394903195	599.7819814648899	0.0	38.14865311372122	11.163583809784592	18.28275881036657	16.160486450583253	1.3245896623237272	0.0	0.0	2.0473262853214518
TCAACTAGTGCATCGCACTTTAGG-1_2	33.59504571568741	59.07514631470433	32.018305637494514	17.67044410922598	0.0	3.3494577243956365	0.0	457.31955346993806	4.607158928822092	0.0	0.0
TCAATGGCATTTGCTAACTTTAGG-1_2	60.99406497839848	18.221024156395135	20.323951057693023	0.0	382.6825725323974	0.0	0.0	11.547503650863975	0.0	3.5054219251564596	0.0
TCACTCGCACCTACTGACTTTAGG-1_2	584.2863925047672	0.0	0.0	0.0	0.0	0.0	0.0	0.0	0.0	0.0	0.0
TCATGAAAGCTCAAGGACTTTAGG-1_2	0.0	0.0	0.0	0.0	1084.5314917121477	0.0	0.0	0.0	7.897329583870807	0.0	0.0
TCCAAGTGTAATGCGAACTTTAGG-1_2	0.0	0.0	0.0	933.6617993253341	0.0	0.0	0.0	0.0	0.0	15.071313925947761	0.0
TCCATTACATAAGCTGACTTTAGG-1_2	0.0	0.0	0.0	0.0	1122.500162211526	0.0	0.0	0.0	0.0	3.7966660735879536	0.0
TCCTTCTAGTTGACGGACTTTAGG-1_2	29.344116082784122	21.219853818021825	0.0	30.70023672933426	41.27687972266574	10.368472634354127	541.5311407902998	111.17310101917906	19.331726068894433	0.0	0.0
TCGCGCTCATAATGACACTTTAGG-1_2	0.0	904.0105036184132	51.075978054051085	8.81478583321925	0.0	0.0	0.0	0.0	0.0	18.239327459600972	0.0
TCTAACAGTTTCAGGTACTTTAGG-1_2	473.3840569658432	25.662849350472023	53.741665600912576	5.0935248414805105	0.0	8.420304956965303	28.40683271988117	0.0	0.0	6.468716927091914	0.0
TCTCGCCTCCTTTGGAACTTTAGG-1_2	701.0847643327658	0.0	0.0	0.0	0.0	0.0	0.0	0.0	0.0	0.0	0.0
TGAACCTGTGTTAGCTACTTTAGG-1_2	14.078662418022757	373.13977653748776	65.02872382486689	26.64674968610951	37.4465171396799	7.00632634112943	15.601916868425015	0.0	0.0	13.340906901781192	0.0
TGAAGGAAGGTTATGAACTTTAGG-1_2	0.0	0.0	0.0	0.0	0.0	0.0	0.0	1205.1883313040291	0.0	1.7731500196457144	0.0
TGATTTGGTATTGCGTACTTTAGG-1_2	81.38518599992453	42.14679934516847	445.878348638577	12.044884596969412	20.13313102952207	40.01751441831252	7.9291066610753145	0.0	0.0	0.0	8.791428994331072
TGATTTGGTTTGTCCCACTTTAGG-1_2	371.54827479999244	105.10796250036155	115.43671638971433	5.642249278661644	0.0	18.27284311416159	0.0	17.49293208130696	5.121890707770532	0.0	0.0
TGCCGGTGTACGTAAGACTTTAGG-1_2	0.0	0.0	0.0	5.28161803126258	0.0	0.0	0.0	0.0	919.7855698688501	0.0	0.0
TGCGCTAGTAAACCCTACTTTAGG-1_2	416.0441613819341	123.14836316830302	35.3999995017813	3.977873224083252	13.943294598816193	19.578453822513925	0.0	0.0	0.0	5.599156220227912	3.8768542301179836
TGCGCTAGTAACTACCACTTTAGG-1_2	183.50980243910286	74.09945789246083	113.59331621851358	2.07017149284672	17.337768046655057	31.598639512351415	0.0	0.0	0.0	6.3121275625825195	0.0
TGCGCTTAGGTCTTGCACTTTAGG-1_2	330.69304232513525	100.79584396090554	86.89917320606907	15.33973643432816	26.678391894062052	23.71930096623591	0.0	34.45421772651708	0.0	0.0	0.0
TGCGGAATCCTAAGTTACTTTAGG-1_2	9.414949338446254	8.897017054170883	16.890235024382818	642.4874077289189	18.808584166079633	7.569781470317732	0.0	16.943291054523037	14.82318496867507	0.0	0.0
TGCTTAAGTTCGAATCACTTTAGG-1_2	0.0	618.7046656937146	11.530318400247907	0.0	12.094915430468705	10.61304998945748	0.0	8.600823008158608	0.0	11.23699767153413	0.0
TGGAAACTCGAAGTTAACTTTAGG-1_2	74.8585973613768	523.5855488966392	0.0	0.0	8.270317449977405	3.731281792759216	0.0	0.0	0.0	22.80717094149311	0.0
TGGATCGAGCAAAGCTACTTTAGG-1_2	288.41735935440767	31.45651142387058	0.0	20.79805313688656	17.76688503115761	43.18558059685638	186.14578218043755	0.0	23.175024678268915	0.0	0.0
TGGCGTGCATATAGGTACTTTAGG-1_2	33.621369237592575	226.38707621967973	20.72965354233357	39.82240138529155	18.26330295355918	59.17665165962696	0.0	43.690274938362286	52.56172382345637	126.07137986359162	1.9421236355456246
TGGGTTTGTAGGTTTCACTTTAGG-1_2	8.326602216132507	0.0	641.5272216624619	32.34304998413822	0.0	0.0	0.0	0.0	4.177458826912707	0.0	0.0
TGGTCAACAAGTTGCAACTTTAGG-1_2	682.4957244509529	0.0	0.0	7.347373886803409	11.394903355984688	1.7185295340967734	0.0	7.620748110144814	0.8740377953989475	0.0	5.488921908506262
TGGTTAAAGTAGCGCAACTTTAGG-1_2	14.797269203514523	8.158316609298428	531.2116533808041	0.0	0.0	71.69619889554238	0.0	0.0	0.0	1.3537063547373023	0.0
TGTGCTGGTACTAACCACTTTAGG-1_2	0.0	26.485978969873983	0.0	9.235560958997853	204.301642198494	0.0	714.6490971250394	0.0	0.0	3.2414907069296692	117.53557128178407
TGTTAGTTCAGGCTGAACTTTAGG-1_2	293.64192679956057	103.35651182506322	132.39398541488782	38.70772738756409	39.81260851282392	12.708993587566638	14.963568303166698	0.0	3.2853062404567526	0.0	0.0
TGTTCCTTCGTCCCGAACTTTAGG-1_2	0.0	0.0	753.7263924036253	0.0	0.0	0.0	0.0	0.0	0.0	6.672520140666794	0.0
TGTTCTTGTTATGTGCACTTTAGG-1_2	682.2855770105357	0.0	0.0	0.0	0.0	0.0	0.0	0.0	0.0	0.0	0.0
TTAGAGCAGAATGGGAACTTTAGG-1_2	0.0	635.7693403078038	38.06447864558091	35.49920675186477	0.0	25.077895946873422	6.332690374275551	0.0	0.0	0.0	0.0
TTAGCGGAGGTGAATCACTTTAGG-1_2	85.7222267563584	398.8711877342593	63.41040096261918	10.328789119593266	26.899475020121624	37.69713072888095	89.16977710570963	0.0	0.0	0.0	6.541160344352861
TTAGGTGCAAGCCTAAACTTTAGG-1_2	540.5163902557309	20.886279801495572	0.0	0.0	0.0	32.742639639234994	0.0	0.0	0.0	4.549249836225523	3.5071671539114684
TTAGGTGCATAAGTCGACTTTAGG-1_2	353.4251797798014	32.68588379567707	28.864928568839236	19.33478791393371	0.5393547375867084	47.39192725085915	20.433018530370394	0.0	0.0	9.453863604881727	0.0
TTAGTTGGTATTACCAACTTTAGG-1_2	332.00050675298013	36.19781979634772	75.51016651061877	34.380841719096225	0.0	2.6420371371859983	0.0	0.0	1.52659582200185	0.0	0.0
TTCAACTAGTCACCTAACTTTAGG-1_2	0.0	0.0	693.7840734309126	0.0	0.0	0.0	0.0	0.0	0.030768589727609198	0.0	0.0
TTCCTCCCACTTCGATACTTTAGG-1_2	3.5539572843351803	6.539004529980359	0.0	1.463816201170399	761.3733262220743	22.626967740481806	0.0	0.0	69.44730713407226	0.0	0.0
TTCGATTAGCAGGCTAACTTTAGG-1_2	10.528827425346012	69.06259000905865	470.37500910750526	13.838037948059528	3.185990039419983	0.0	0.0	8.598639370101804	0.0	34.56449526365204	0.0
TTGAACAAGTTTGAGAACTTTAGG-1_2	64.13049104085474	298.6519376881961	32.39177114872467	0.0	28.541327081523672	0.0	42.551310216844826	0.0	47.322244236453336	0.1121464397589408	42.93081271149814
TTGACATTCACAAACAACTTTAGG-1_2	230.63548213822352	121.20576574335036	43.93946245658547	14.280027230683576	23.127973866654226	16.929567801835006	0.0	0.0	0.0	0.0	6.870581718672424
TTGAGGAGTCACACCAACTTTAGG-1_2	432.33504921659755	59.23234175807562	25.72766642607405	3.79145827127256	10.224131684850654	44.10256914062359	5.942596721516624	0.0	0.0	1.6193149935405697	0.0
TTGAGGAGTTGCGGCTACTTTAGG-1_2	793.8931299740855	20.337958349365994	0.0	0.0	6.2571786217966014	11.186469286406174	8.408041342013961	0.0	0.0	0.0	0.0
TTGTTGTAGTGAATCAACTTTAGG-1_2	0.0	29.313986119064964	2.4635298290549827	19.523636920079824	649.6893605566797	44.54800762146427	8.322496485235284	0.0	10.41847951148468	0.0	23.414604853075975
TTTAGTCAGTTACAGAACTTTAGG-1_2	33.917068376175465	576.2603374200801	0.3754243237396439	27.270175465797344	0.0	0.0	0.0	13.41548777854669	7.711712038964132	0.0	0.0
TTTCACCTCCTAAATCACTTTAGG-1_2	557.6188846039153	3.8601774372105604	29.058898518117374	0.0	0.0	0.0	0.0	0.0	0.0	0.0	0.0
TTTCACCTCGTTGCACACTTTAGG-1_2	481.9895746376894	13.237010834677557	12.639895987015533	7.274371709769959	0.0	16.678505835317768	0.0	3.65636987674584	0.0	16.776976265921654	0.0
