	1	2	3	4	5	6	7	8	9	10	11	12	13	14	15	16	17	18	19	20
AAAGCGAAGCGATAACACTTTAGG-1_2	82.25663193523448	0.0	21.104391143631926	70.04316914780192	0.0	0.0	14.915638855664572	0.0	0.0	0.0	0.0	7.231571148933537	0.0	0.0	0.0	0.0	0.0	0.0	0.0	0.0
AAAGGTACAGCCCTTAACTTTAGG-1_2	36.36657197283442	56.86275148977229	0.0	28.073397221128147	0.0	0.0	0.0	0.0	0.0	0.0	0.0	0.0	0.0	12.286828678678097	0.0	0.0	0.0	17.809033321204435	0.0	0.0
AAATCACCAATCATCCACTTTAGG-1_2	62.063930599216604	0.0	22.563246901959157	0.0	0.0	0.0	67.303226229082	0.0	0.0	0.0	0.0	19.872976172747798	0.0	0.0	0.0	0.0	0.0	0.0	0.0	0.0
AAATGAGCATTTGTTGACTTTAGG-1_2	45.67764370789368	42.841864633245564	131.0565426303743	0.0	19.356313932759644	0.0	0.0	0.0	0.0	0.0	0.0	0.0	0.0	17.392589339303836	0.0	0.0	0.0	0.0	0.0	0.0
AACCAACAGGACACGCACTTTAGG-1_2	66.28738222978258	48.323404704706185	22.699219408048695	0.0	0.0	0.0	0.0	0.0	67.31039887925402	0.0	0.0	0.0	0.0	0.0	0.0	0.0	0.0	0.0	0.0	0.0
AACCTCATCGAACCTCACTTTAGG-1_2	59.264802019411064	36.977786564016455	0.0	14.997512360221616	0.0	0.0	0.0	0.0	0.0	15.989419626799815	0.0	0.0	0.0	0.0	35.67799231628122	0.0	0.0	0.0	0.0	0.0
AACTGAGGTGCTCCAAACTTTAGG-1_2	71.55194130819172	0.0	11.408169280345406	0.0	0.0	21.11026464436337	0.0	0.0	0.0	0.0	64.99311566691267	0.0	0.0	0.0	0.0	0.0	0.0	0.0	0.0	0.0
AAGACAACAAATAGGAACTTTAGG-1_2	35.996629844423865	94.57002981455422	10.59877750016726	0.0	19.99238443043902	0.0	0.0	3.133972249133085	0.0	0.0	0.0	0.0	0.0	0.0	0.0	0.0	0.0	0.0	20.38563764498657	0.0
AAGCCTCTCAATTGGAACTTTAGG-1_2	58.70133848932211	0.0	0.0	55.55224378153484	3.0719808365569015	0.0	0.0	0.0	23.585439461146745	20.394333606066336	0.0	13.472056241913544	0.0	0.0	0.0	0.0	0.0	0.0	0.0	0.0
AAGCCTGAGTTAGTTCACTTTAGG-1_2	50.193491272820296	0.0	13.776337887061459	0.0	75.53530486442929	0.0	0.0	0.0	138.66233716346866	0.0	29.984379999991756	0.0	0.0	0.0	0.0	0.0	14.816599700134818	0.0	0.0	0.0
AAGCGGCTCTAATCACACTTTAGG-1_2	71.11906155146961	0.0	29.438913752864867	28.011175233992642	0.0	8.742518714611911	23.904997405870354	0.0	0.0	0.0	0.0	9.728349633665793	0.0	0.0	0.0	0.0	0.0	0.0	0.0	0.0
AAGGGAGGTGGTTACTACTTTAGG-1_2	22.586614456874557	0.0	316.6214427231497	0.0	11.27138982869133	0.0	0.0	0.0	0.0	0.0	27.66092979223293	0.0	0.0	0.0	0.0	0.0	0.0	0.0	0.0	0.0
AAGGGAGGTTGTTCCCACTTTAGG-1_2	366.83382134890655	0.0	7.098121861728041	0.0	0.0	0.0	0.0	25.37012334758877	11.638576791954407	0.0	0.0	0.0	0.0	0.0	0.0	0.0	0.0	0.0	0.0	0.0
AAGGTTGGTATGGTCTACTTTAGG-1_2	43.84407190888445	118.09452943231938	16.986937455043066	0.0	32.3033622782264	0.0	0.0	0.0	0.0	1.786367124135075	0.0	0.0	0.0	0.0	0.0	0.0	0.0	0.0	0.0	0.0
AATACTGAGGTCAAGTACTTTAGG-1_2	58.52046755213811	63.90350108209254	6.396935701653908	0.0	0.0	11.156658145600407	0.0	0.0	0.0	0.0	0.0	0.0	0.0	0.0	5.30457750037448	0.0	3.228082048261288	0.0	0.0	0.0
AATCACGCATCCTTGGACTTTAGG-1_2	52.867405374166275	33.9923378903157	0.0	0.0	0.0	0.0	0.0	0.0	0.0	0.0	0.0	0.0	29.112062341976305	0.0	0.0	0.0	0.0	0.0	31.927607869958557	0.0
AATCACGCATTTGGCTACTTTAGG-1_2	81.9753344707232	36.2293882280214	24.565365675480166	0.0	120.96071680636226	0.0	0.0	0.0	0.0	0.0	0.0	0.0	0.0	3.515909690495234	0.0	0.0	0.0	0.0	0.0	0.0
AATCGCGAGGTTGCAGACTTTAGG-1_2	44.432499917349496	0.0	17.490933747562618	38.45294915605994	0.0	0.0	0.0	0.0	10.532591319619117	3.941637518698832	0.0	0.0	0.0	0.0	0.0	0.0	0.0	2.034288238518483	0.0	0.0
ACAGCGGGTTGCGCTAACTTTAGG-1_2	78.48035615516221	59.594716439613826	0.0	0.0	53.17667001663415	0.0	0.0	0.0	0.0	10.757958903410564	0.0	0.0	0.0	0.0	0.0	0.0	10.791092072448956	0.0	0.0	0.0
ACATACTTCTGGAAACACTTTAGG-1_2	65.3383131390754	44.15787332190503	0.0	0.0	0.0	0.0	0.0	0.0	54.59488761417172	12.697216125155363	0.0	0.0	0.0	0.0	0.0	0.0	4.552596776131851	0.0	0.0	0.0
ACCAATCGTTCACTCCACTTTAGG-1_2	83.55918673169604	0.0	1.6345189952529198	83.00300100169295	37.81820702981907	0.0	0.0	0.0	0.0	0.0	0.0	0.0	3.358563670180928	0.0	0.0	0.0	23.735868997503037	0.0	0.0	3.3698671383906507
ACCACGTTCGGGACTAACTTTAGG-1_2	67.6862604069127	45.179436648572825	17.869752997822268	0.0	31.4096955799405	0.0	0.0	0.0	19.507403329891893	0.0	0.0	0.0	0.0	0.0	0.0	0.0	0.0	0.0	0.0	0.0
ACCGGCTGTTTCCTCAACTTTAGG-1_2	89.75548198589853	0.0	9.160854179401584	19.31177254037615	18.02870983347377	0.0	6.896204313938306	36.71030617509641	0.0	0.0	0.0	0.0	0.0	0.6539193990162052	0.0	0.0	0.0	0.0	0.0	0.0
ACCTCTAAGGTAGTTAACTTTAGG-1_2	57.19569436553211	53.62845111170054	0.0	0.0	42.087042417393086	0.0	0.0	0.0	0.0	0.0	0.0	0.0	0.0	0.0	0.0	0.0	0.0	0.0	0.0	31.182234122745875
ACGGTAAGTCAAAGGCACTTTAGG-1_2	43.726634100154804	70.48912444887107	0.6478611651388712	0.0	0.0	0.0	0.0	0.0	0.0	24.1700308178207	0.0	0.0	0.0	0.0	0.0	0.0	0.0	17.465719365559433	0.0	0.0
ACTAATGAGGAAACTCACTTTAGG-1_2	41.24713084749812	0.0	8.727062530038213	0.0	25.561114178232863	0.0	0.0	62.27004951466042	0.0	0.0	0.0	0.0	0.0	0.0	0.0	0.0	0.0	0.0	6.749123868354132	0.0
ACTACAAAGGATTATGACTTTAGG-1_2	64.16347338151138	0.0	0.0	30.495814415462718	0.0	0.0	34.8446335227757	0.0	0.0	0.0	0.0	0.0	27.94389168496907	0.0	0.0	20.605437529781277	4.540019353526969	0.0	0.0	0.0
ACTACTAGTTTGAGCTACTTTAGG-1_2	351.3175539750235	0.0	0.0	26.184505546183136	0.0	0.0	0.0	0.0	0.0	0.0	0.0	0.0	0.0	0.0	0.0	0.0	0.0	0.0	0.0	6.810185209082347
AGAAGCAAGTCGTTCAACTTTAGG-1_2	47.979775574708285	82.22969451993382	0.0	0.0	16.28141499280724	0.0	0.0	0.0	7.834514750528448	29.951917542042132	0.0	0.0	0.0	0.0	0.0	0.0	0.0	0.0	0.0	0.0
AGAAGGTCAGGCTATAACTTTAGG-1_2	30.039852175531035	0.0	0.0	131.697478049152	0.0	0.0	0.0	0.0	37.2947896087726	0.0	0.0	0.0	0.0	0.0	0.0	0.0	24.51969022730098	0.0	0.0	3.260842528802714
AGACACTAGCTAGATAACTTTAGG-1_2	83.15290570641795	45.74447250110369	12.88851745900236	0.0	0.0	0.0	0.0	0.0	0.0	0.0	13.248815731355887	3.56445813771387	0.0	0.0	81.17787448115195	0.0	0.0	0.0	0.0	0.0
AGATTAGTCAACCTCAACTTTAGG-1_2	60.420286481386775	51.829619384874	0.0	0.0	0.0	67.61213436010675	0.0	0.0	0.0	90.84627386539294	0.0	0.0	0.0	0.0	0.0	0.0	0.0	0.0	0.0	0.0
AGCATCCTCATGGAACACTTTAGG-1_2	47.30112856689573	26.024456580886625	10.777038182158902	0.0	13.300549884328786	0.0	0.0	23.812116317166044	39.137424685035064	0.0	0.0	0.0	0.0	0.0	0.0	0.0	0.0	0.0	0.0	0.0
AGCCATTGTAATCCTAACTTTAGG-1_2	43.10188193822836	0.0	9.960004320538145	69.16908901439763	0.0	0.0	0.0	0.0	14.981540652811733	0.0	0.0	0.0	0.0	0.0	0.0	0.0	0.0	0.0	0.0	0.0
AGCTAAATCGGGACTAACTTTAGG-1_2	65.13916093269958	0.0	0.0	0.0	0.0	0.0	0.0	39.186302998740864	0.0	0.0	0.0	0.0	44.45481134050342	20.015917390245637	0.0	0.0	0.0	0.0	0.0	0.0
AGCTACCTCCGGATAGACTTTAGG-1_2	53.71296618775015	28.670532296587282	0.0	0.0	0.26294957343092307	0.0	0.0	32.733968703670186	42.78043090791012	11.36818653470664	0.0	0.0	0.0	0.0	0.0	0.0	11.963843752548847	0.0	0.0	0.0
AGCTATGCAAATACCGACTTTAGG-1_2	58.03982846672763	42.020511892111955	0.0	0.0	43.233847069974566	0.0	0.0	0.0	0.0	0.0	0.0	0.0	0.0	29.193393273015904	0.0	0.0	0.0	0.0	0.0	0.0
AGCTGGCAGGTGAATCACTTTAGG-1_2	78.24618973112102	72.12906919002569	0.0	0.0	8.471242294754123	0.0	0.0	0.0	39.152491787299745	16.0129676855793	0.0	0.0	0.0	0.0	0.0	0.0	0.0	9.720167713842553	0.0	0.0
AGGGACCTCAGTTAGAACTTTAGG-1_2	80.55446613040885	0.0	0.0	0.0	15.70306548325476	13.073056308073616	0.0	54.22161645019333	0.0	0.0	0.0	0.0	0.0	0.0	0.0	0.0	43.758534407175524	0.0	0.0	0.0
AGGGTGGAGGCCTTCGACTTTAGG-1_2	60.19921778007532	24.36415772700631	0.0	0.0	0.0	36.643997221599335	0.0	0.0	0.0	0.0	0.0	0.0	0.0	0.0	37.90735259188266	0.0	28.19860583715061	0.0	0.0	0.0
AGTAAACGTGACACAAACTTTAGG-1_2	61.65525900656662	82.34008164534424	0.0	0.0	19.232863756618823	0.0	0.0	1.0298342843877868	4.320139210141194	4.340333556705511	0.0	0.0	0.0	0.0	4.609333808185747	15.754127915737968	0.0	0.0	0.0	0.0
AGTAGGCGTACAAACGACTTTAGG-1_2	64.16415313721014	0.0	0.0	75.13454957312852	0.0	0.0	0.0	0.0	0.0	0.0	0.0	0.0	35.80825319314344	7.615935284402521	0.0	0.0	0.0	0.0	0.0	21.42836663568304
AGTGACCCAGAATCGCACTTTAGG-1_2	130.3323930319963	0.0	0.0	0.0	0.0	18.870028619526558	59.40421736698351	0.0	0.0	0.0	0.0	0.0	0.0	0.0	0.0	10.239655463945848	0.0	0.0	0.0	0.0
ATAACCAAGGTGAGCCACTTTAGG-1_2	28.173988168370588	0.0	11.463750275371677	52.709282856252784	0.0	0.0	0.0	0.0	0.0	0.0	0.0	0.0	25.545738347412236	14.60857361415172	0.0	0.0	0.0	0.0	0.0	0.0
ATAAGCCAGAGCAACTACTTTAGG-1_2	56.68692602260461	0.0	0.0	0.0	18.4149254306594	0.0	89.37280163786207	0.0	0.0	9.250801397403087	0.0	0.0	0.0	0.0	0.0	29.17807422933248	0.0	0.0	0.0	0.0
ATAGAAGCAGTGAGGAACTTTAGG-1_2	78.59347061399892	61.00175550085666	0.0	0.0	61.117823768383566	0.0	0.0	0.0	0.0	0.0	0.0	0.0	0.0	0.0	0.0	23.77538117456357	0.0	0.0	0.0	0.0
ATATAGCCATGGGTTAACTTTAGG-1_2	63.27509449073486	0.0	0.0	0.0	0.0	0.0	34.21943879412333	0.0	0.0	3.8980177876407978	0.0	0.0	44.560131162118395	0.0	0.0	0.0	0.0	0.0	0.0	0.0
ATATCGAAGGGTTTGGACTTTAGG-1_2	94.82776965357684	0.0	0.0	0.0	0.0	208.2668613996316	0.0	0.0	0.0	1.818600754128434	20.848433318588274	0.0	0.0	0.0	0.0	0.0	24.912160733722963	0.0	0.0	0.0
ATCAGGTAGAAACTCAACTTTAGG-1_2	20.751124112716433	0.0	0.0	0.0	0.0	53.841734942169126	0.0	13.480140627247735	0.0	0.0	0.0	0.0	0.0	0.0	0.0	10.8645740021672	10.714417517595203	0.0	0.0	0.0
ATCGCGCGTTTACCGGACTTTAGG-1_2	729.4241634382245	0.0	0.0	0.0	0.0	0.0	0.0	0.0	0.0	0.0	0.0	0.0	0.0	0.0	0.0	0.0	0.0	0.0	0.0	0.0
ATCGCTCAGGAACCATACTTTAGG-1_2	51.62169769393253	28.47383135435241	93.34135178466191	0.8361291813708526	34.32666062735488	0.0	0.0	0.0	0.0	0.0	24.36965889533555	0.0	0.0	0.0	0.0	0.0	0.0	0.0	0.0	0.0
ATCGGGCAGGACAACTACTTTAGG-1_2	42.742890460629035	17.74048803608516	20.598842917399626	0.0	0.0	0.0	0.0	0.0	0.0	0.0	0.0	0.0	0.0	28.094479259529766	21.882941471161075	0.0	0.0	0.0	0.0	0.0
ATGAAAGCATTTGTTGACTTTAGG-1_2	58.64523087722595	41.226006588408275	0.0	0.0	3.7338024002666663	16.59369269077954	0.0	0.0	0.0	0.0	0.0	7.25881164255217	0.0	8.856849797341221	21.359100960700278	23.741560408711145	0.0	0.0	0.0	0.0
ATGAGGAAGTCTGTGCACTTTAGG-1_2	45.704884488395344	0.0	33.53280443986067	0.0	0.0	0.0	0.0	77.16055057654962	0.0	0.0	0.0	41.06749650196782	0.0	0.0	0.0	0.0	0.0	0.0	0.0	0.0
ATGGCCTTCCAAAGGTACTTTAGG-1_2	52.80288697785742	50.87947116962731	34.57666599342603	0.0	60.60485044224445	0.0	0.0	0.0	0.0	0.0	0.0	0.0	0.0	0.0	0.0	0.0	0.0	0.0	0.0	0.0
ATGTGGGTCCGCCTCTACTTTAGG-1_2	75.11023545488919	0.0	28.663565015576502	74.36123556728188	38.08460087111945	0.0	0.0	0.0	0.0	0.0	0.0	0.0	0.0	0.0	0.0	0.0	0.0	0.0	0.0	0.0
ATTATGGAGTGTTTGTACTTTAGG-1_2	30.453115818958484	25.445236199607614	16.45814911511283	13.695657555300203	0.0	0.0	1.0699180706358178	0.0	55.208269084221996	0.0	0.0	0.0	0.0	0.0	1.669130004514072	0.0	0.0	0.0	0.0	0.0
ATTCGATTCTAAATCCACTTTAGG-1_2	60.33003597140897	0.0	0.0	0.0	11.532856877974648	110.89667418312688	0.0	0.0	58.054575675542274	13.208798298999207	10.691477088040406	0.0	68.18413148817147	0.0	0.0	0.0	0.9438866016644135	0.0	0.0	0.0
ATTGATGAGCAGGCTAACTTTAGG-1_2	50.296236830869965	52.86463784812136	0.0	0.0	20.781613347734996	0.0	0.0	0.0	0.0	0.0	0.0	0.0	0.0	41.18758289395901	0.0	0.0	0.0	0.0	0.0	0.0
ATTTAGGAGGAAGCCCACTTTAGG-1_2	52.323174291896336	37.7351205245452	14.305873275888974	0.0	9.016553229459717	21.864737507787815	0.0	0.0	18.208023265410326	0.0	7.059198182792346	1.3779338108724184	0.0	0.0	0.0	0.0	0.0	0.0	0.0	0.0
CAAGCGATCTAATCACACTTTAGG-1_2	67.34467119883655	0.0	39.175159147241644	59.58314978626385	0.0	0.0	0.0	0.0	0.0	0.0	0.0	0.0	17.016472810101472	0.0	0.0	0.0	0.0	0.0	0.0	0.0
CAATACTTCTATGCATACTTTAGG-1_2	57.1361483215166	88.75369679320382	28.892224379110278	0.0	0.0	0.0	0.0	0.0	0.0	0.0	0.0	28.080756743240197	0.0	0.0	0.0	0.0	0.0	0.0	0.0	0.0
CACAAGCCAGGCAACTACTTTAGG-1_2	62.54410249638966	43.23720792960365	18.788598732945808	0.0	2.5212761019446397	38.8314719574202	0.0	0.0	34.847042574698314	0.0	0.0	0.0	0.0	0.6624640854752213	2.595125551373783	0.8527871090700813	0.0	0.0	0.0	0.0
CACGTTATCCCAGACTACTTTAGG-1_2	75.67016838695534	0.0	13.499913213506446	0.0	0.0	44.11243753996345	63.140622967119555	0.0	0.0	0.0	0.0	0.0	0.0	0.0	0.0	0.0	10.393993538915444	0.0	0.0	0.0
CAGCTGGCAGTTATGGACTTTAGG-1_2	59.78986031180592	80.85587476870765	28.998134701745943	0.0	0.0	0.0	0.0	0.0	0.0	0.0	0.0	0.0	0.0	0.0	15.767152740122146	0.0	0.0	0.0	0.0	0.0
CAGGGCAGTCAATCGTACTTTAGG-1_2	43.160559085622246	280.2466040977083	0.2543675451538844	54.09552690159373	14.6122479369659	0.0	1.1780286307936074	0.0	0.0	0.8394682402265554	0.0	0.0	0.0	0.0	0.0	0.0	14.599204879810076	0.0	0.0	0.0
CAGGTTCTCGCTCAGTACTTTAGG-1_2	44.130615547468516	88.9934752522697	39.753218999702426	0.0	0.0	0.0	0.0	0.0	0.0	0.0	0.0	17.13845876798953	0.0	0.0	0.0	0.0	0.0	0.0	0.0	0.0
CAGTATTTCCTGGAAGACTTTAGG-1_2	71.00747658915468	0.0	0.0	58.40468828337844	37.20238096438986	0.0	0.0	0.0	0.0	7.6046087960006465	0.0	0.0	0.0	0.0	0.0	0.0	0.0	0.0	0.0	0.0
CAGTGTGAGGTGAGAAACTTTAGG-1_2	41.57159877365827	0.0	0.0	0.0	0.0	76.91433607238285	0.0	0.0	0.0	3.553189886158101	47.06429623330722	0.0	0.0	0.0	0.0	0.0	0.0	0.0	0.0	0.0
CATCCTTTCACCTAATACTTTAGG-1_2	52.925307258444576	37.62823415329828	0.0	0.0	0.0	14.305868611600873	0.0	49.5853978410949	0.0	0.0	0.0	0.0	0.0	0.0	0.0	0.0	0.0	0.0	19.49971703359459	0.0
CATTAGCGTATTTCGAACTTTAGG-1_2	41.36833080400374	0.0	13.057663128275102	93.11252864628173	0.0	0.0	0.0	0.0	22.08772143793332	0.0	0.0	0.0	0.0	0.0	0.0	0.0	0.0	0.0	0.0	0.0
CCAAGACCACTTCGATACTTTAGG-1_2	71.79143706178174	40.57000037976907	37.93178808760592	0.0	0.0	0.0	0.0	0.0	0.0	0.0	0.0	67.28128502022504	0.0	0.0	0.0	0.0	0.0	0.0	0.0	0.0
CCAAGTGAGCCATAAAACTTTAGG-1_2	35.82404993930199	0.0	0.0	0.0	19.384329725706564	0.0	0.0	0.0	0.0	89.3540377243828	45.714122651547775	3.0401391013045114	0.0	0.0	0.0	0.0	0.0	0.0	0.0	0.0
CCACATTCAGTAATACACTTTAGG-1_2	54.609407460471175	34.21923768044852	17.47837842436386	0.0	28.88275542662766	0.0	0.0	0.0	0.0	0.0	16.327341360456742	0.0	0.0	0.0	0.0	9.898250912654687	0.0	0.0	0.0	6.229039031826541
CCACTAATCGATTCTGACTTTAGG-1_2	26.939051813989938	60.75574345767133	134.26311129506263	0.0	0.0	0.0	15.602228772338542	0.0	0.0	0.0	0.0	0.0	0.0	116.60985891133558	32.9818611771798	0.0	0.0	0.0	0.0	0.0
CCACTAATCGGGCAACACTTTAGG-1_2	59.63485159637323	40.67893730002712	0.0	0.0	0.0	0.0	0.0	0.0	0.0	0.0	0.0	0.0	0.0	20.487844936034982	27.474864970275867	0.0	0.0	0.0	0.12290079040341777	0.0
CCAGGTTTCAACTTGTACTTTAGG-1_2	42.7065599144295	0.0	0.0	0.0	0.0	0.0	0.0	40.12900829475346	0.0	3.5364080981979535	0.0	0.0	25.862077381200702	0.0	0.0	14.265517048304977	0.0	0.0	0.0	7.947915364335586
CCATCAGGTTGCACTGACTTTAGG-1_2	323.0190448555583	0.0	0.0	47.2167828945156	0.0	0.0	0.0	0.0	0.0	0.0	0.0	0.0	14.385590699548766	20.17844962284592	0.0	0.0	0.0	0.0	0.0	0.0
CCATTCGCATTGCCTGACTTTAGG-1_2	60.68669292662533	46.285930251983146	0.0	0.0	24.79337823473255	0.0	0.0	0.0	0.0	10.295621649194322	0.0	35.599737223596016	0.0	0.0	0.0	23.444134270640514	0.0	0.0	0.0	0.0
CCCACTTGTAAACCCTACTTTAGG-1_2	102.11455432603886	0.0	16.77939232318186	70.60128730722032	0.0	0.0	0.0	0.0	15.461188001725693	0.0	0.0	0.0	0.0	0.0	2.2207118573381472	0.0	0.0	0.0	0.0	0.0
CCCTGTTGTTAGCATCACTTTAGG-1_2	61.45953417700814	57.11038686847955	0.0	0.0	46.02444189054975	0.0	0.0	0.0	0.0	0.0	0.0	0.0	0.0	0.0	0.0	24.075006731661468	0.0	0.0	0.0	0.0
CCGGTACGTTGAGTCTACTTTAGG-1_2	66.58049920064394	23.44797205411322	0.0	0.0	50.14254581873149	0.0	0.0	0.0	0.0	0.0	0.0	0.0	0.0	0.0	0.0	4.673492045622842	0.0	0.0	0.0	35.91349727396599
CCTCAATCAACATAGTACTTTAGG-1_2	42.874135888901606	41.07387204437463	0.0	0.0	0.0	0.0	0.0	0.0	0.0	7.221784463549339	0.0	0.0	35.23144509528275	0.0	0.0	3.487070609676548	2.5909200220927353	0.0	0.0	0.0
CGACTTTCAAATCACGACTTTAGG-1_2	60.20727622304356	32.14647378777169	0.0	0.0	0.0	43.81618199755639	0.0	0.0	0.0	0.0	0.0	0.0	0.0	30.831595783386895	0.0	0.0	0.0	0.0	0.0	0.0
CGATTGACACGGTAACACTTTAGG-1_2	75.29610619937326	0.0	11.345279026580249	31.76355164870869	0.0	0.0	0.0	0.0	0.0	0.0	0.0	0.0	34.26132470504982	1.3176211088703063	0.0	0.0	0.0	0.0	0.0	0.0
CGCACATTCATTGCATACTTTAGG-1_2	40.95347996687717	0.0	0.0	0.0	0.0	40.56493864401331	9.225905152617624	0.0	0.0	1.0917468285880658	0.0	0.0	0.0	27.174347526907432	0.0	0.0	0.0	0.0	0.0	0.0
CGCAGCACACTAGTAGACTTTAGG-1_2	54.60727645831233	38.603955309040614	15.0833044531304	0.0	0.0	51.90581519157421	0.0	0.0	0.0	0.0	0.0	0.0	0.0	0.0	11.194784623377297	0.0	0.0	0.0	0.0	0.0
CGCGACACAAGCGAAGACTTTAGG-1_2	46.135156116136926	104.41844381979489	0.0	0.0	0.0	0.0	0.0	0.0	0.0	0.0	17.663242339771575	13.336433542374536	0.0	0.0	0.0	8.091830154175835	0.0	0.0	0.0	0.0
CGCTGGACATGTGGCGACTTTAGG-1_2	64.00374028950016	0.0	0.0	110.31686550133304	0.0	0.0	0.0	0.0	20.31453239648367	0.0	0.0	0.0	0.0	0.0	0.0	0.0	13.139994967166027	0.0	0.0	11.578669004072339
CGGAACCAGTCTAACTACTTTAGG-1_2	0.0	0.0	0.0	0.0	968.008861112857	0.0	0.0	0.0	74.66244204081495	0.0	0.0	88.60736641081421	0.0	0.0	87.81579864643122	0.0	0.0	0.0	0.0	0.0
CGGTCAAAGGCGAGAGACTTTAGG-1_2	48.11820027446174	0.0	0.0	83.75436825407847	0.0	0.0	0.0	0.0	0.0	17.734884306692667	0.0	0.0	0.0	0.0	0.0	0.0	0.0	5.221664579464001	0.0	0.0
CGTAATCGTGGACACGACTTTAGG-1_2	92.94749959656653	15.90404302017135	16.638767883198867	0.0	0.0	0.0	0.0	0.0	0.0	0.0	0.0	0.0	0.0	0.0	0.0	0.0	0.0	13.078771789167238	32.90713430837094	0.0
CGTAATTTCCTGGAAGACTTTAGG-1_2	40.91429807194955	32.00224642797451	0.0	0.0	0.0	41.57771396994619	0.0	0.0	0.0	0.0	0.0	16.0899939162784	0.0	22.149962416489597	0.0	0.0	0.0	0.0	0.0	0.0
CGTGTCCCATTGCATCACTTTAGG-1_2	46.86970504069981	33.7481333289837	11.01968181849885	0.0	56.09067640146212	0.0	0.0	0.0	0.0	0.0	0.0	0.0	0.0	0.0	0.0	1.3538716913671538	0.0	0.0	0.0	0.0
CGTTATGTCGCCTCGAACTTTAGG-1_2	32.0794601513688	0.0	127.76069380479906	22.596766246172123	0.0	0.0	0.0	0.0	0.0	0.0	0.0	0.0	0.0	0.0	0.0	0.0	0.0	0.0	0.0	0.0
CGTTTGGGTGACCTTGACTTTAGG-1_2	60.722426108682654	0.0	0.0	0.0	0.0	0.0	27.836599860428347	0.0	27.191380728903695	0.0	0.0	0.0	0.0	5.5216299467716	0.0	0.0	0.0	0.0	0.0	13.029974619172915
CTAAGTGCATCCGCTAACTTTAGG-1_2	69.94728080085676	34.283959258881616	0.0	0.0	0.0	0.0	0.0	0.0	0.0	0.0	0.0	0.0	26.38971785233419	0.0	0.0	0.0	26.73690929351323	0.0	0.0	0.0
CTACCCACAAGTTAACACTTTAGG-1_2	0.0	0.0	0.0	0.0	0.0	0.0	0.0	0.0	0.0	0.0	0.0	0.0	0.0	0.0	0.0	1417.3564740726495	0.0	0.0	0.0	0.0
CTATCCGCAGCAATTGACTTTAGG-1_2	59.59786179227414	0.0	2.7448354040980787	0.0	0.0	10.232367859985219	0.0	0.0	0.0	0.0	70.40270433658841	0.0	0.0	0.0	8.48217147720465	0.0	0.0	0.0	0.0	0.0
CTATGCTCAATGTGGCACTTTAGG-1_2	602.5499947799791	4.7772704049614045	0.0	0.0	0.0	5.9656047649241275	0.0	0.0	0.0	5.988348510395878	0.0	0.0	0.0	0.0	0.0	0.0	0.0	0.0	0.0	0.0
CTATTACAGCCACTCGACTTTAGG-1_2	66.95337699526736	16.66117975170987	17.678602622872415	0.0	0.0	0.0	0.0	0.0	0.286718456167372	0.0	0.0	0.0	0.0	5.781825698637052	32.44448813529693	0.0	0.0	0.0	0.0	0.0
CTCAACATCCAAATAGACTTTAGG-1_2	49.13027189975117	0.0	0.0	0.0	0.0	57.66673031167014	101.59713117966261	0.0	0.0	0.0	0.0	0.0	0.0	0.0	0.0	0.0	17.314220291462718	0.0	0.0	0.0
CTCATTACAAGCTTTCACTTTAGG-1_2	55.785597760131836	0.0	9.284896096433677	20.568807193959284	0.0	11.448725674228495	19.294219046370355	0.0	0.0	0.0	0.0	0.0	0.0	0.0	0.0	0.0	0.0	0.0	0.0	0.5992079966454635
CTCCATCGTTTGTTGAACTTTAGG-1_2	63.04211789029609	0.0	0.0	61.58688760926059	0.0	0.0	0.0	0.0	0.0	0.0	0.0	0.0	32.5728258225681	16.429497477999764	0.0	0.0	0.0	0.0	0.0	0.0
CTGATCCAGCACGTTCACTTTAGG-1_2	80.16952481977607	66.4832449784541	0.0	0.0	0.0	30.84578718324227	0.0	0.0	0.0	0.0	0.0	0.0	0.0	0.0	38.467419162032215	0.0	15.30167819404223	0.0	0.0	0.0
CTGCAACTCAGGGATTACTTTAGG-1_2	53.843969517873845	40.44831330447949	0.0	0.0	0.0	46.8756809940797	0.0	0.0	0.0	0.0	0.0	0.0	1.8049375189086487	0.0	0.0	0.0	17.110429535339307	0.0	0.0	0.0
CTGGTTATCTCTCGCCACTTTAGG-1_2	39.90032966042998	116.57714034771385	7.820138236053607	0.0	0.0	21.796545799789634	0.0	0.0	0.0	0.0	0.0	0.0	0.0	0.9747271889170243	0.0	0.0	0.0	0.0	0.0	0.0
CTGTTTACACCATCCAACTTTAGG-1_2	20.427758907500085	0.0	0.0	35.890099433693806	0.0	41.46135408094156	79.8629090395916	0.0	0.0	107.183060338558	0.0	0.0	0.0	0.0	0.0	0.0	8.657208098049605	0.0	0.0	0.0
CTTCAATAGGTAAGCTACTTTAGG-1_2	277.2316994719759	0.0	0.0	42.71988459290587	16.52237606223681	0.0	35.15085939547198	0.0	0.0	6.156683210837021	0.0	0.0	0.0	0.0	0.0	0.0	0.0	0.0	0.0	8.59157189717032
CTTGCTGCACATGAATACTTTAGG-1_2	50.549892525366545	60.051593799620036	181.29691409865094	0.0	0.0	0.0	0.0	0.0	0.0	0.0	0.0	0.0	0.0	0.0	28.264145349377937	0.0	0.0	0.0	0.0	0.0
CTTTAACAGGGTTTCCACTTTAGG-1_2	95.41081723921985	63.78252126773348	0.0	0.0	0.0	0.0	0.0	0.0	5.316475893547794	16.912969866765344	0.0	0.0	0.0	0.0	0.0	0.0	0.0	0.0	0.0	0.0
CTTTAACAGTCGAAGTACTTTAGG-1_2	56.19740369330847	41.50416351852452	9.352777259985642	0.0	0.0	0.0	0.0	0.0	0.0	0.0	0.0	61.757600374437565	0.0	0.0	0.0	0.0	0.0	0.0	0.0	0.0
CTTTCGTTCGCAACGAACTTTAGG-1_2	45.8436475446518	165.25280859449987	0.0	0.0	20.617358570966186	0.0	0.0	0.0	0.0	15.612616406563983	0.0	0.0	0.0	0.0	0.0	0.0	0.0	0.0	0.0	0.0
GAACAATGTCAGGATAACTTTAGG-1_2	612.7269677061831	0.0	0.0	0.0	0.0	0.0	0.0	0.0	0.0	0.0	0.0	0.0	0.0	0.0	0.0	0.0	8.84408163929565	0.0	0.0	0.0
GAAGAATAGCTTAAAGACTTTAGG-1_2	75.6078081466088	53.85949898696805	9.896191864905093	0.0	0.0	0.0	0.0	0.0	0.0	0.0	0.0	57.2474222001994	0.0	0.0	0.0	0.0	0.0	0.0	0.0	0.0
GAAGTATGTGCGGCTTACTTTAGG-1_2	57.21895868954623	39.543737124474596	0.0	0.0	0.0	0.0	0.0	0.0	53.275742104851794	23.93944244817412	0.0	0.0	0.0	0.0	0.0	0.0	0.0	0.0	0.0	0.0
GAATGACTCTGGTCTAACTTTAGG-1_2	54.338437015582805	61.52376900885807	99.98126223290119	0.0	0.0	0.0	0.0	0.0	21.46039071831758	0.0	0.0	0.0	0.0	0.0	0.0	0.0	0.0	0.0	0.0	0.0
GAATGCGTCAATTTGCACTTTAGG-1_2	52.388545007906046	27.329958331406495	0.0	0.0	46.55465245866372	0.0	0.0	0.0	0.0	0.0	0.0	0.0	0.0	0.0	0.0	24.720513285221703	0.0	0.0	0.0	0.0
GACAGGGAGGAAGCAAACTTTAGG-1_2	28.521697969460902	23.99961670977722	51.06970783181065	0.0	0.0	0.0	0.0	0.0	39.03416293922946	0.0	0.0	0.0	0.0	0.0	0.0	0.0	0.0	0.0	0.0	0.0
GACCGTGCAACTAAGTACTTTAGG-1_2	76.07424927816001	0.0	0.0	34.88483829045544	37.67016873126873	0.0	0.0	0.0	0.0	0.0	0.0	0.0	0.0	0.0	0.0	0.0	0.0	0.0	29.717244150979543	0.0
GACTAAATCTGGTCTAACTTTAGG-1_2	72.38595189815216	49.93283774689498	0.0	0.0	0.0	77.90955489457933	0.0	0.0	0.0	0.0	0.0	0.0	0.0	12.180769812913017	0.0	0.0	0.0	0.0	0.0	0.0
GACTCAACAGATTGCAACTTTAGG-1_2	37.2665624391572	0.0	0.0	43.03476930230838	0.0	0.0	20.01148939511163	0.0	9.633850598736196	0.0	0.0	0.0	0.0	34.35954628511468	3.4307374676012956	0.0	0.0	0.0	0.0	0.0
GACTTACGTCATTATGACTTTAGG-1_2	70.5982322717704	42.59741069909286	0.0	0.0	0.0	0.0	0.0	0.0	25.25662848688458	6.176802879006858	0.0	0.0	0.0	0.0	0.0	0.0	0.0	0.0	0.0	23.622761698386736
GACTTACGTTAACGAGACTTTAGG-1_2	50.83690045096033	0.0	66.2834987107173	0.0	0.0	0.0	0.0	0.0	13.41585176548828	0.0	16.849302700198418	29.9471124166539	0.0	0.0	0.0	0.0	0.0	0.0	0.0	0.0
GAGCAAGCACCATCATACTTTAGG-1_2	47.42708717880413	0.0	134.35434526571606	50.8112205318206	18.32372681593272	0.0	0.0	32.78385374247949	0.0	0.0	0.0	4.268123073787171	0.0	0.0	0.0	0.0	0.0	0.0	0.0	0.0
GAGCTATAGCGCTCCAACTTTAGG-1_2	60.74297234289902	56.33345811833394	96.11994181963111	0.0	28.30512718828964	0.0	0.0	0.0	0.0	0.0	0.0	0.0	0.0	0.0	0.0	0.0	0.0	0.0	0.0	0.0
GAGGAGTAGCAATCGGACTTTAGG-1_2	845.9180572042154	0.0	0.0	0.0	0.0	0.0	0.0	0.0	0.0	0.0	0.0	3.532159716408292	0.0	0.0	0.0	0.0	0.0	0.0	0.0	0.0
GATATGATCCTGTTCTACTTTAGG-1_2	47.90547686178548	0.0	0.0	0.0	0.0	0.0	0.0	91.09130100705922	0.0	0.0	0.0	0.0	0.0	0.0	12.210363977269267	32.23231927004656	0.0	0.0	0.0	0.0
GATCACACACCAACAAACTTTAGG-1_2	123.71208393790013	0.0	36.59806540628715	78.41964289740706	41.09821650885772	0.0	0.0	0.0	0.0	0.0	0.0	0.0	0.0	0.0	0.0	0.0	0.0	0.0	4.724260479608998	0.0
GATGGTAGTGAACGACACTTTAGG-1_2	58.61667112459718	0.0	12.99630531464449	0.0	42.021758777862345	0.0	0.0	59.9611875087071	0.0	0.0	0.0	0.0	0.0	0.0	0.0	0.0	0.0	0.0	1.27995668097506	0.0
GATTAGTCAACAGAGGACTTTAGG-1_2	56.86113873998449	0.0	0.0	22.833353876943825	2.7886619852507657	0.0	0.0	0.0	0.0	0.0	0.0	34.00165884830243	0.0	0.0	0.0	0.0	0.0	0.0	8.089911744533213	3.4742217760293883
GCAAATTCAACCGGATACTTTAGG-1_2	64.0909779723069	0.0	16.18076911798661	0.0	4.261738598460339	0.0	83.66234455603734	0.0	0.0	0.0	0.0	0.0	0.0	0.0	0.0	19.90424814998277	0.0	0.0	0.0	0.0
GCAGCAATCTTGATCGACTTTAGG-1_2	47.785926152353056	0.0	26.25936320554415	0.0	0.0	0.0	0.0	71.59722540858664	0.0	0.0	0.0	20.308919999725184	0.0	0.0	0.0	0.0	0.0	0.0	0.0	0.0
GCAGGCTAGGCGATATACTTTAGG-1_2	61.85471019260336	0.0	0.0	47.8753313790644	0.0	0.0	0.0	0.0	21.887614583040556	12.034382086822953	0.0	0.0	0.0	0.0	0.0	0.0	0.0	0.0	0.0	0.0
GCATTTGTCGGTTCCGACTTTAGG-1_2	101.40933503888334	0.0	0.0	22.246292705784874	0.0	0.0	0.0	0.0	0.0	0.0	0.0	0.0	15.022976138832194	0.0	0.0	0.0	23.55525606352265	0.0	0.0	0.0
GCGAGCTAGTTTGCATACTTTAGG-1_2	43.304935846151345	24.714763147548393	9.854746212344416	2.5531650969460635	57.15684383859393	0.0	0.0	0.0	0.0	1.8706854150071526	12.32545193965139	0.0	0.0	0.0	0.0	9.179402298883417	0.0	0.0	0.0	0.0
GCGTTACTCCCGCTGAACTTTAGG-1_2	49.486150317525116	73.96911969746532	16.689949547619904	0.0	39.248901924157074	0.0	0.0	0.0	0.0	0.0	0.0	0.0	0.0	0.0	0.0	0.0	0.0	0.0	0.0	0.0
GCTAACTGTGCTTCGAACTTTAGG-1_2	69.96100993100487	39.55566714296709	0.0	0.0	0.0	6.748790513054994	0.0	0.0	0.0	0.0	0.0	0.0	19.399107378184162	0.0	0.0	0.0	0.7870875833733205	0.0	14.420304168020822	0.0
GCTCACCCATCATGTCACTTTAGG-1_2	68.43500998311725	27.717960776322062	20.85407900042025	0.0	0.0	0.0	0.0	0.0	0.0	0.0	0.0	0.0	0.0	0.0	58.595935838251755	0.0	0.0	0.0	0.0	0.0
GCTCACTAGGTATAGCACTTTAGG-1_2	48.414854972583974	0.0	53.3470726966027	0.0	13.65472817628687	0.0	0.0	68.0268277673845	0.0	0.0	0.0	0.0	0.0	0.0	0.0	0.0	0.0	0.0	0.0	0.0
GCTCCATAGCCTGCCAACTTTAGG-1_2	44.67474161989808	32.11436531591439	27.04113699125305	0.0	0.0	9.979674489019446	0.0	38.825155582751215	0.0	0.0	0.0	0.0	0.0	0.0	0.0	0.0	0.0	0.0	0.0	0.0
GCTGGATCACCACACCACTTTAGG-1_2	54.845743655671264	47.7490507325436	0.0	0.0	151.87360421877233	0.0	0.0	0.0	60.59208626202786	0.0	2.2954146258575174	0.0	0.0	0.0	0.0	0.0	19.92607623150218	0.0	0.0	0.0
GCTTACATCGTCAATTACTTTAGG-1_2	75.23040833841125	23.99291428505727	0.0	0.0	26.600869535558374	0.0	0.0	0.0	8.155078809640877	4.96378318482581	0.0	0.0	0.0	14.361891972574455	0.0	0.0	0.0	0.0	0.0	0.0
GCTTGATGTTTACGACACTTTAGG-1_2	49.6088004352904	0.0	8.31214193821839	62.76304439304742	0.0	0.0	0.0	0.0	0.0	0.0	0.0	33.010199366173566	0.0	0.0	0.0	0.0	0.0	0.0	0.0	0.0
GGAACCGGTATAGTGGACTTTAGG-1_2	56.7159233469609	42.382177493471346	0.0	0.0	0.0	0.0	0.0	0.0	21.476868701145587	10.415701055728633	0.0	0.0	0.0	0.0	24.025105148863243	0.0	0.0	0.0	0.0	0.0
GGAAGCCTCGTCCCGAACTTTAGG-1_2	48.733995140606226	39.74790460957055	16.143768073400434	0.0	0.0	53.91014673485815	0.0	0.0	0.0	0.0	0.0	0.0	0.0	0.0	0.0	0.0	0.0	0.0	0.0	0.0
GGATTGCCAGAATCGCACTTTAGG-1_2	56.38586156267905	0.0	17.51617291258889	0.0	0.0	0.0	0.0	69.93313674431153	0.0	0.0	0.0	35.294335130651476	0.0	0.0	0.0	0.0	2.3624352085455254	0.0	17.71370115740862	0.0
GGCAATCCAAATAAGGACTTTAGG-1_2	46.66002526112452	56.2549435273916	0.0	0.0	0.0	0.0	0.0	25.335588289034295	9.834540237307358	8.041622752812982	0.0	0.0	0.0	0.0	0.0	0.0	0.0	8.551868067467892	0.0	0.0
GGCATGATCGACTTTGACTTTAGG-1_2	34.65803818410664	17.839523278227823	0.0	0.0	0.0	25.720031654381224	0.0	0.0	0.0	0.0	0.0	0.0	0.0	0.0	0.0	13.422638018634839	0.0	0.0	0.0	0.0
GGCATTTGTAATGCCTACTTTAGG-1_2	50.32826525662217	0.0	11.502317840515898	31.65192274536035	0.0	0.0	0.0	0.0	19.194997952836285	0.0	0.0	0.0	0.0	3.5748827041134152	0.0	0.0	0.0	0.0	0.6651543834732528	0.0
GGCCTTTAGCAGGTTGACTTTAGG-1_2	27.686203491305683	0.0	0.0	0.0	0.0	68.26370568629109	0.0	0.0	0.0	10.64051688677035	46.6331353657454	0.0	0.0	6.152135745843923	0.0	0.0	0.0	0.0	0.0	0.0
GGCGAATGTAAACCCTACTTTAGG-1_2	47.529313480640006	0.0	0.0	103.30185012219685	0.0	0.0	0.0	0.0	44.8494932055165	0.0	0.0	0.0	0.0	0.0	0.0	0.0	0.0	0.0	0.0	34.17842861511934
GGCTGATCAATTGAGTACTTTAGG-1_2	64.49947737600932	0.0	37.455057171889614	26.421634898520484	0.0	0.0	41.169457985032345	0.0	0.0	0.0	0.0	0.0	0.0	0.0	37.97357797465849	0.0	0.0	0.0	0.0	0.0
GGCTGATCACCTACTGACTTTAGG-1_2	54.39219502983751	0.0	171.73186597841385	3.77780812138062	0.0	0.0	0.0	0.0	29.702011603305174	0.0	96.69703322399928	0.0	0.0	0.0	0.0	0.0	0.0	0.0	0.0	0.0
GGCTTAGAGGTTAGGTACTTTAGG-1_2	66.55323394793707	40.12356358325561	0.0	0.0	194.12149396709182	0.0	0.0	0.0	0.0	23.880780365142048	0.0	0.0	0.0	0.0	0.0	0.0	0.0	0.0	0.0	0.0
GGGATGGAGATAGCTAACTTTAGG-1_2	58.712762306091776	40.36761568526726	0.0	0.0	0.0	0.0	0.0	0.0	69.99379349096286	4.320797781221989	0.0	0.0	0.0	0.0	0.0	0.0	8.02487816809301	0.0	0.0	0.0
GGTGTGATCCTAAGTTACTTTAGG-1_2	58.45162283228941	79.85857104677946	0.0	0.0	0.0	0.0	0.0	0.0	0.0	19.27929594447578	0.0	0.0	0.0	0.0	0.0	0.0	0.643911592141258	28.251246908388957	0.0	0.0
GGTGTTTGTACGAATGACTTTAGG-1_2	311.73040765225966	0.0	0.0	0.0	0.0	0.0	39.45233185253486	0.0	25.398435914973387	0.0	0.0	0.0	0.0	16.282813003270924	0.0	0.0	0.0	0.0	0.0	0.0
GGTTACCTCGGCTAAGACTTTAGG-1_2	64.60901313769465	0.0	0.0	0.0	40.98619817001392	0.0	78.2973760717952	0.0	0.0	16.795093293158626	0.0	0.0	0.0	0.0	0.0	0.0	14.397175445820174	0.0	0.0	0.0
GGTTGACCAATAGAAGACTTTAGG-1_2	39.288626220660504	0.0	0.0	93.23999039762082	6.235749852917583	3.771426969716064	0.0	0.0	0.0	4.352908361167172	0.0	0.0	0.0	0.0	0.0	0.0	55.85452274838891	0.0	0.0	0.0
GTAACCTGTAACGTGAACTTTAGG-1_2	50.34371558286196	0.0	9.794785449549412	6.354244891684257	54.062891962571136	0.0	38.49692824844582	0.0	7.734123025749486	10.000901333604583	0.0	0.0	0.0	5.593430733401193	0.0	0.0	0.0	0.0	0.0	0.0
GTACCTATCCTTGTTCACTTTAGG-1_2	30.355089401849437	0.0	0.0	0.0	19.26747851700392	0.0	0.0	85.68647690021233	0.0	26.231211234489415	0.0	0.0	0.0	0.0	0.0	0.0	0.0	0.0	0.0	0.0
GTTAGCGAGCTAAATGACTTTAGG-1_2	21.337387137651316	0.0	0.0	0.0	0.0	0.0	0.0	45.709301209314624	0.0	0.0	0.0	29.615318684232356	0.0	7.8873779231586765	0.0	0.0	0.0	0.0	0.0	0.0
GTTCCATCAGCTCGCTACTTTAGG-1_2	51.781384345557726	28.325466718085124	19.35010648844493	0.0	0.0	0.0	0.0	0.0	0.0	0.0	0.0	0.0	19.689986389585783	0.0	0.0	0.0	0.0	0.0	0.0	0.0
GTTGGATAGGGCGGTTACTTTAGG-1_2	73.76598742269331	45.9193531867798	0.0	0.0	0.0	0.0	0.0	0.0	0.0	24.56439372599237	0.0	82.91309465755722	0.0	0.0	0.0	0.0	0.0	0.0	0.0	0.0
GTTGTTGTCGATTAAGACTTTAGG-1_2	62.50705446554994	0.0	8.916850296180877	44.76932840328148	0.0	0.0	0.0	0.0	17.450444660865628	0.0	0.0	0.09360894594796533	13.706479675042587	0.0	0.0	0.0	0.0	0.0	0.0	0.0
GTTTGGGAGCAAATTGACTTTAGG-1_2	15.500433554601551	0.0	49.96229055016926	0.0	0.0	0.0	0.0	0.0	0.825445930822314	0.0	59.2525570042301	0.0	0.0	0.0	0.0	0.0	0.0	0.0	0.0	0.0
GTTTGTCCATTGCCCAACTTTAGG-1_2	47.689196026288805	35.18517087105469	0.0	0.0	0.0	19.155598954120485	0.0	0.0	0.0	0.0	0.0	0.0	0.0	0.0	0.0	13.29745087227278	0.0	0.0	0.0	0.0
TAACCAAAGCATCTATACTTTAGG-1_2	61.860515816068585	34.722057308428354	0.0	0.0	8.051020820314362	56.076641748893465	0.0	0.0	0.0	21.02003427545943	5.838008628896172	0.0	0.0	0.0	0.0	0.0	2.587868113496231	0.0	0.0	0.0
TAACGTTTCAGCATGGACTTTAGG-1_2	32.00188000637098	33.66882775619437	53.732794032369696	0.0	2.159447480090832	0.0	0.0	0.0	0.0	34.26563853428089	0.0	0.0	0.0	37.87713838991743	14.723057233288245	0.0	0.0	0.0	0.0	0.0
TAAGGTTCAGCAATTGACTTTAGG-1_2	39.73125175871666	0.0	0.0	0.0	0.0	8.047947159584016	0.0	88.37409866591403	0.0	8.450475617221036	0.0	0.0	0.0	0.0	0.10986995139923986	0.0	39.99686802195613	0.0	0.0	0.0
TACCAGCTCATAATGGACTTTAGG-1_2	74.90860643665987	34.19330230619034	12.06353763243874	0.0	0.0	19.055682908560573	0.0	0.0	0.0	4.322812928145535	0.0	0.0	0.0	8.049693341215283	0.0	0.0	0.0	0.0	0.0	0.0
TACCCGGTCTGTGACCACTTTAGG-1_2	43.163637296504945	0.0	0.0	0.0	0.0	34.48029639092932	0.0	24.957691333607883	0.0	29.41130656293751	0.0	0.0	0.0	0.0	0.0	0.0	0.0	0.0	0.0	0.0
TACCTGCAGACAGACTACTTTAGG-1_2	70.00444400463249	41.738065120649864	0.0	0.0	0.0	0.0	0.0	0.0	0.0	14.80545638531026	0.0	0.0	72.39122066705976	0.0	0.0	0.0	0.0	0.0	0.0	0.0
TACCTTTGTTAACCACACTTTAGG-1_2	52.21624658981779	0.0	25.203629692521364	22.668983798464883	0.0	41.01689575899464	11.963960513159408	0.0	0.0	0.0	0.0	0.0	0.0	0.0	0.0	0.0	0.0	0.0	0.0	0.0
TACTCACCATCACGAAACTTTAGG-1_2	48.72749476708587	50.96320143304608	12.720159428115554	0.0	30.21357938496485	0.0	0.0	0.0	0.0	0.0	0.0	0.0	0.0	0.0	0.0	31.045658287199366	0.0	0.0	0.0	0.0
TAGTCTCCAAGCGATCACTTTAGG-1_2	35.66122931766796	0.0	10.914367480128163	415.02179437436655	0.0	0.0	0.0	0.0	0.0	0.0	0.0	0.0	0.0	0.0	6.905282586462208	0.0	0.0	0.0	0.0	0.0
TAGTTGTTCCGGATAGACTTTAGG-1_2	734.8249023499546	0.0	0.0	0.0	0.0	0.0	0.0	0.0	0.0	0.0	0.0	0.0	0.0	0.0	0.0	0.0	0.0	0.0	0.0	0.0
TATACCTAGAAACCCGACTTTAGG-1_2	71.6919315979487	0.0	0.0	0.0	0.0	34.12551502667909	0.0	0.0	0.0	7.577323404030569	55.406378805560216	0.0	31.04321864507858	4.691197886893263	0.0	0.0	0.0	0.0	0.5775252682976746	0.0
TATATCCAGGCTTAAAACTTTAGG-1_2	65.935275708161	0.0	0.0	33.85831721123378	0.0	0.0	76.61913547587365	0.0	3.1239956201022636	0.0	0.0	0.0	0.0	0.0	0.0	0.0	39.59993526899555	0.0	0.0	0.0
TATCGCTCACCACAAAACTTTAGG-1_2	58.90645540816136	0.0	0.6888704558737062	0.0	0.0	0.0	61.81196249824086	0.0	0.0	11.523970629697198	0.0	35.245120236009306	0.0	0.0	8.799277029141235	0.0	0.0	0.0	0.0	0.0
TATGACTTCATCCAGCACTTTAGG-1_2	45.16639715329023	0.0	23.57633033422217	37.67154216254672	0.0	0.0	0.0	0.0	0.0	0.0	0.0	3.2906357126944408	0.0	0.0	0.0	1.2901820632427898	0.0	14.004632878159905	10.985687470725477	0.0
TATGTCCCATGAGCTAACTTTAGG-1_2	19.932552324461845	14.796628384428567	615.6668710757228	0.0	0.0	0.0	0.0	18.979558857338695	0.0	0.0	0.0	0.0	0.0	0.0	0.0	0.0	0.0	0.0	0.0	0.0
TATTGCCCAAGTTGCAACTTTAGG-1_2	74.90723848849775	0.0	3.8282813608506863	0.0	0.0	20.61931836408286	21.674275104235775	150.49862465047335	0.0	0.0	0.0	0.0	0.0	20.002150435980187	0.0	0.0	0.0	0.0	0.0	0.0
TCAACTAGTGCATCGCACTTTAGG-1_2	46.33788237208946	4.621183412845597	98.57012505510717	0.0	0.0	8.302436547527435	0.0	37.31797605214866	0.0	0.0	0.0	0.0	3.0528357476333823	0.0	0.0	0.0	0.0	0.0	0.0	0.0
TCAATGGCATTTGCTAACTTTAGG-1_2	24.920217991756633	0.0	64.5978600388442	0.0	0.0	0.0	0.0	45.565806596701044	0.0	0.0	0.0	15.499373275181496	0.0	0.0	0.0	2.0376771804287386	0.0	0.0	0.0	0.0
TCACTCGCACCTACTGACTTTAGG-1_2	48.76900283077633	31.415876920074776	0.0	0.0	0.0	0.0	0.0	0.0	43.7092163964775	3.7788223209843848	0.0	0.0	0.0	0.0	0.0	0.0	0.0	0.0	0.0	0.0
TCATGAAAGCTCAAGGACTTTAGG-1_2	35.16423920772028	39.83265467392885	181.60315161566865	0.0	0.0	0.0	0.0	0.0	0.0	0.0	0.0	76.98573507686892	0.0	0.0	0.0	15.146694634089771	0.0	0.0	0.0	0.0
TCCAAGTGTAATGCGAACTTTAGG-1_2	908.397947452458	0.0	0.0	0.0	0.0	0.0	0.0	0.0	0.0	0.0	0.0	0.0	0.0	0.0	0.0	0.0	0.0	0.0	0.0	0.0
TCCATTACATAAGCTGACTTTAGG-1_2	28.95998605118836	0.0	142.2523806130864	0.0	0.0	0.0	0.0	0.0	0.0	0.0	73.501062176715	0.0	0.0	15.386266013782064	0.0	0.0	0.0	32.69618720728757	0.0	0.0
TCCTTCTAGTTGACGGACTTTAGG-1_2	61.258172894083614	50.68880355865835	115.81672958878858	0.0	0.0	0.0	0.0	0.0	0.0	0.0	0.0	0.0	0.0	39.244886696301165	15.173106635005112	0.0	0.0	0.0	0.0	0.0
TCGCGCTCATAATGACACTTTAGG-1_2	82.99519804315187	0.0	0.0	41.26654511366355	28.41685028949328	0.0	82.84877094457003	0.0	0.0	0.0	0.0	0.0	0.0	0.0	0.0	0.0	25.06436834026314	0.0	0.0	0.0
TCTAACAGTTTCAGGTACTTTAGG-1_2	56.469250031922854	65.58259418470601	0.0	0.0	0.0	0.0	0.0	0.0	0.0	0.0	0.0	0.0	0.0	0.0	38.981782604910656	0.0	0.0	0.0	18.425281915262094	0.0
TCTCGCCTCCTTTGGAACTTTAGG-1_2	52.93049750388185	41.466870151992566	0.0	0.0	0.0	60.70632400649461	0.0	0.0	0.0	15.746952601862953	0.0	0.0	0.0	0.0	0.0	0.0	0.0	0.0	0.0	0.0
TGAACCTGTGTTAGCTACTTTAGG-1_2	65.79048798490034	56.8771115258744	0.0	0.0	12.594172474336954	0.0	0.0	0.0	0.0	0.0	0.0	0.0	0.0	0.0	0.0	22.734531629760262	4.954539267309773	0.0	0.0	0.0
TGAAGGAAGGTTATGAACTTTAGG-1_2	34.91576160058564	5.527853044799674	207.83155465519107	0.0	15.820037038734892	0.0	58.01584622321004	0.0	14.388979487541773	0.0	0.0	0.0	0.0	0.0	0.0	0.0	0.0	0.0	0.0	0.0
TGATTTGGTATTGCGTACTTTAGG-1_2	67.11723926042963	0.0	0.0	47.69053469634922	13.935975922842017	0.0	0.0	0.0	0.0	0.0	0.0	0.0	22.254939259968324	36.55442261713988	0.0	0.0	0.0	5.4452515501544685	0.0	0.0
TGATTTGGTTTGTCCCACTTTAGG-1_2	57.398875561234476	0.0	19.735325584103375	0.0	0.0	0.0	58.15398510202043	0.0	19.92954066938717	0.0	0.0	0.0	0.0	0.0	0.0	0.0	0.0	22.57368053185902	0.0	6.45591203194068
TGCCGGTGTACGTAAGACTTTAGG-1_2	4.720865347419202	0.0	906.7496775257347	0.0	0.0	0.0	0.0	0.0	0.0	0.0	0.0	9.651490009172207	0.0	0.0	0.0	0.0	0.0	0.0	0.0	0.0
TGCGCTAGTAAACCCTACTTTAGG-1_2	54.424278690950175	0.0	0.0	0.0	0.0	0.0	41.70353097214932	0.0	45.451124736577604	24.64142182851322	0.0	0.0	0.0	0.0	0.0	0.0	0.0	0.0	0.0	0.0
TGCGCTAGTAACTACCACTTTAGG-1_2	36.13659164795576	5.406210092524862	2.2504166225742033	0.0	0.0	0.0	0.0	40.76594183511501	35.52761952974747	0.0	0.0	0.0	0.0	0.0	0.0	0.0	0.0	0.0	0.0	0.0
TGCGCTTAGGTCTTGCACTTTAGG-1_2	59.15915250848114	0.0	14.841490104514214	0.0	0.0	0.0	0.0	0.0	0.0	0.0	86.21710283178308	41.495076526900434	0.0	5.115371990947977	0.0	0.0	0.0	0.0	0.0	0.0
TGCGGAATCCTAAGTTACTTTAGG-1_2	620.9078643527878	0.0	23.9421375437611	0.0	0.0	0.0	7.6604463564918515	0.0	0.0	0.0	0.0	3.973663616236667	0.0	0.0	0.0	0.0	0.0	0.0	0.0	0.0
TGCTTAAGTTCGAATCACTTTAGG-1_2	41.18811511599743	0.0	19.921370336845815	0.0	0.0	0.0	115.43187327942822	0.0	14.635353857663848	0.0	0.0	0.0	0.0	3.0200509453241886	0.0	0.0	0.0	0.0	0.0	0.0
TGGAAACTCGAAGTTAACTTTAGG-1_2	30.554054181013935	68.33718016550313	0.0	0.0	0.0	0.0	0.0	0.0	15.35122891297234	0.0	0.0	0.0	1.4109140088205048	4.8264942725387145	0.0	0.0	13.363752361781183	5.182200323653076	0.0	0.0
TGGATCGAGCAAAGCTACTTTAGG-1_2	56.49204198216001	33.83698310115376	68.71569390357584	0.0	74.18547946755467	0.0	0.0	0.0	0.0	0.0	0.0	0.0	0.0	0.0	0.0	0.0	0.0	0.0	0.0	0.0
TGGCGTGCATATAGGTACTTTAGG-1_2	59.86792666034404	0.0	0.0	0.0	37.542062145363104	0.0	67.4068300634992	0.0	0.0	56.35312974176123	0.0	0.0	0.0	0.0	0.0	0.0	12.668569552398411	0.0	0.0	0.0
TGGGTTTGTAGGTTTCACTTTAGG-1_2	90.51565311081426	46.34902893472259	13.268421315227616	0.0	0.0	0.0	0.0	0.0	17.104155302683427	0.0	0.0	0.0	0.0	0.0	0.0	9.630749862533616	0.0	11.023739026771592	0.0	0.0
TGGTCAACAAGTTGCAACTTTAGG-1_2	67.24517682448912	62.48514383932176	23.645605921489917	0.0	50.414977407198386	0.0	0.0	0.0	0.0	0.0	0.0	25.54307504177442	0.0	2.75497031802559	0.0	0.0	0.0	0.0	0.0	0.0
TGGTTAAAGTAGCGCAACTTTAGG-1_2	32.27988501709144	32.924918377297224	0.0	0.0	0.0	0.0	0.0	0.0	0.1875239716928627	0.0	0.0	6.802974031943074	40.461335945561046	0.0	0.0	0.0	14.232920727935065	0.0	0.0	0.0
TGTGCTGGTACTAACCACTTTAGG-1_2	59.21545785211511	81.45299534039154	189.1260643529517	0.0	6.015645525005328	0.0	0.0	0.0	0.0	0.0	0.0	0.0	0.0	51.29984824497413	0.0	0.0	0.0	0.0	0.0	0.0
TGTTAGTTCAGGCTGAACTTTAGG-1_2	77.37603345248728	0.0	0.0	0.0	0.0	32.235541281189775	0.0	0.0	0.0	9.600638348800308	86.28033011695359	0.0	0.0	0.0	0.0	18.061221391324736	0.0	0.0	0.0	0.0
TGTTCCTTCGTCCCGAACTTTAGG-1_2	60.95524278898852	47.25921193472449	1.446411814113629	0.0	0.0	0.0	0.0	0.0	0.0	11.010045305886786	0.0	0.0	23.806468667346653	0.0	0.0	4.913023193834099	0.0	0.0	0.0	0.0
TGTTCTTGTTATGTGCACTTTAGG-1_2	41.764434447323616	0.0	0.0	0.0	0.0	0.0	37.651526347131025	0.0	0.0	12.839893526556372	0.0	0.0	0.0	0.0	69.92153922221678	0.0	0.0	0.0	0.0	0.0
TTAGAGCAGAATGGGAACTTTAGG-1_2	87.22241981978894	0.0	0.0	27.50821022888578	34.82460493875092	0.0	51.05662383728336	0.0	0.0	0.0	0.0	0.0	0.0	0.0	0.0	0.0	9.935217665155733	0.0	0.0	0.0
TTAGCGGAGGTGAATCACTTTAGG-1_2	0.0	15.48808815892163	0.0	869.7470671494104	0.0	0.0	87.98306579771797	233.61888497950227	0.0	0.0	0.0	0.0	0.0	0.0	0.0	0.0	0.0	0.0	0.0	0.0
TTAGGTGCAAGCCTAAACTTTAGG-1_2	49.09601106859901	36.0890354680829	4.517864354973628	0.0	0.0	57.313126198190695	0.0	0.0	0.0	0.0	0.0	0.0	0.0	16.18540054573284	0.0	0.0	0.0	0.0	0.0	0.0
TTAGGTGCATAAGTCGACTTTAGG-1_2	56.78338148247969	47.80089835015609	13.718589027936558	0.0	65.95814121879408	0.0	0.0	0.0	0.0	0.0	0.0	0.0	0.0	0.0	0.0	0.0	0.0	0.0	0.0	0.0
TTAGTTGGTATTACCAACTTTAGG-1_2	66.20800272021289	0.0	3.1504615411785952	0.0	10.018174058583933	0.0	0.0	3.190917550406085	12.354406349458875	11.585592136928602	37.75321953539487	0.0	0.0	0.0	0.0	0.0	0.0	5.619548525690182	0.0	0.0
TTCAACTAGTCACCTAACTTTAGG-1_2	58.35021567294321	39.995889530205496	0.0	0.0	0.0	16.95339875410439	0.0	0.0	0.0	0.0	0.0	0.0	0.0	25.183906343422994	0.0	0.0	0.0	0.0	0.0	0.0
TTCCTCCCACTTCGATACTTTAGG-1_2	41.287847174745664	0.0	85.96391557424083	0.0	43.18356444395028	0.0	0.0	0.0	0.0	24.97332760388269	22.40767082038834	0.0	0.0	0.0	0.0	88.63148215769749	0.0	0.0	0.0	2.6383930269973686
TTCGATTAGCAGGCTAACTTTAGG-1_2	64.96825244105536	0.0	0.0	44.617840565150345	0.0	11.060107602390547	0.0	0.0	0.0	0.0	0.0	0.0	6.9025366795715914	0.0	0.0	2.6298892225400565	18.574746238017458	0.0	0.0	0.0
TTGAACAAGTTTGAGAACTTTAGG-1_2	26.566655440902135	41.81433305983225	114.10034313778483	0.0	0.0	0.0	0.0	0.0	0.0	0.0	0.0	0.0	0.0	0.0	0.0	0.0	0.0	17.200071117654918	0.0	0.0
TTGACATTCACAAACAACTTTAGG-1_2	48.02898831664926	12.42719394353133	13.725134281638702	0.0	0.0	0.0	0.0	32.423899084913245	0.0	0.0	0.0	28.003787131725897	0.0	0.0	0.0	0.0	0.0	0.0	8.856830859837443	0.0
TTGAGGAGTCACACCAACTTTAGG-1_2	52.736309874359534	0.0	0.0	37.930951001548216	0.0	0.0	0.0	0.0	11.07468993867012	14.33171688978711	0.0	0.0	0.0	0.0	44.73359060179909	0.0	0.0	0.0	0.0	0.0
TTGAGGAGTTGCGGCTACTTTAGG-1_2	66.26651124340688	0.0	0.0	0.0	60.730404226987865	0.0	0.0	0.0	0.0	5.619574521687739	69.68366291221382	0.0	0.0	0.0	0.0	16.56824317804151	0.0	0.0	0.0	0.0
TTGTTGTAGTGAATCAACTTTAGG-1_2	53.04195372670654	35.98252097270778	0.0	0.0	45.02266832344902	0.0	0.0	0.0	0.0	114.87225296897087	0.0	0.0	0.0	34.999434480659936	0.0	0.0	0.0	0.0	0.0	0.0
TTTAGTCAGTTACAGAACTTTAGG-1_2	75.88267057352549	0.0	0.0	60.40693501622394	0.0	0.0	1.1649137468882935	0.0	0.0	0.0	0.0	8.393045456771121	0.0	0.0	0.0	0.0	0.0	0.0	0.0	32.53733037467994
TTTCACCTCCTAAATCACTTTAGG-1_2	45.834954321433244	0.0	3.388130430507318	0.0	0.0	0.0	68.48732336719785	0.0	14.66288613420827	0.0	0.0	0.0	0.0	0.0	27.75439085460365	0.0	0.0	0.0	0.0	0.0
TTTCACCTCGTTGCACACTTTAGG-1_2	53.0031553276313	39.707393769735255	12.397243264354085	0.0	0.0	0.0	0.0	0.0	0.0	0.0	0.0	0.0	0.0	0.0	0.0	0.0	0.0	59.54671707188643	0.0	0.0
