	1	2	3	4	5	6	7	8	9	10	11	12	13	14
AAAGCGAAGCGATAACACTTTAGG-1_2	0.0	660.7336071782353	8.590338498273407	0.0	0.0	27.26751572471373	11.398601121008237	0.0	5.319318637075564	0.4608417770120786	0.0	0.0	0.0	0.0
AAAGGTACAGCCCTTAACTTTAGG-1_2	0.0	604.1019901575976	1.9602667627399224	94.2678594911479	0.0	0.0	0.0	0.0	0.0	0.0	0.0	0.0	12.781965067949914	0.0
AAATCACCAATCATCCACTTTAGG-1_2	24.234867262527107	212.90538697788804	8.76878850029508	154.1631614591553	19.349710777214522	24.516206733486577	13.544082031299265	44.95965322458107	8.200003057531681	18.638295895321605	0.0	0.0	0.0	9.792467438500188
AAATGAGCATTTGTTGACTTTAGG-1_2	0.0	0.0	0.0	0.0	27.48001074092156	9.17655160148923	10.656966061693627	720.0340060395785	0.0	3.037498067154411	18.59295978182314	3.877864160695254	3.8475076544245304	0.0
AACCAACAGGACACGCACTTTAGG-1_2	335.0293383323018	26.556291175667706	38.86883362269231	0.0	152.98527735337143	13.867610272252149	35.0699485435891	25.68691758392128	4.420901220432392	3.3777235392060034	0.0	13.26024036311206	0.0	4.304682044300749
AACCTCATCGAACCTCACTTTAGG-1_2	421.98906154994137	0.0	0.0	85.17321191878187	62.32889810980168	7.018164041549793	0.0	10.24213925145821	0.0	6.65081600161141	0.0	9.958350319607531	0.13519570450284918	0.0
AACTGAGGTGCTCCAAACTTTAGG-1_2	0.0	0.0	0.0	0.0	816.0094511687919	0.0	0.0	0.0	0.0	0.0	0.0	0.0	0.0	0.0
AAGACAACAAATAGGAACTTTAGG-1_2	0.0	676.7850091460283	0.0	183.0323817344314	0.0	0.0	0.0	0.3833129218039415	0.0	0.0	0.0	8.217812920967825	0.12710578562735977	0.0
AAGCCTCTCAATTGGAACTTTAGG-1_2	309.3546544778506	51.60938757448681	149.64909782500263	26.991318455105823	26.14238293606777	9.877307299699638	3.446446064903984	0.0	0.0	14.442219022674742	3.346042052946309	0.0	0.0	0.0
AAGCCTGAGTTAGTTCACTTTAGG-1_2	0.0	0.0	22.676243943039683	0.0	2.145518722729742	0.0	961.9346289308727	9.479824673710326	0.0	0.0	0.0	0.0	0.0	0.0
AAGCGGCTCTAATCACACTTTAGG-1_2	29.52275800842104	144.78471638511837	475.1643661070044	0.0	0.0	9.399474113094817	0.0	14.435352389569163	23.727074293549986	0.0	0.0	13.739549574561181	29.934700525661757	0.0
AAGGGAGGTGGTTACTACTTTAGG-1_2	0.0	0.0	0.0	0.0	0.0	0.0	0.0	163.69520618903	217.4301330283676	0.0	124.357363922875	533.6443977105383	2.1556295643281893	0.0
AAGGGAGGTTGTTCCCACTTTAGG-1_2	0.0	78.70970978935343	25.456574064601806	103.8570151604276	0.0	354.8531064045455	19.244956211202457	0.0	0.0	2.2691280527199766	0.0	0.0	0.0	0.0
AAGGTTGGTATGGTCTACTTTAGG-1_2	0.0	75.15497157294713	1.9841559020437765	548.1398413725539	0.0	0.0	29.390977179213362	1.0217879585998852	0.0	52.082907585314686	0.0	1.2522204877036565	5.985610057791236	0.0
AATACTGAGGTCAAGTACTTTAGG-1_2	18.98674776830147	680.3027853256118	0.0	0.0	14.622121236981448	0.0	0.0	0.0	0.0	0.0	0.0	0.0	0.0	0.0
AATCACGCATCCTTGGACTTTAGG-1_2	0.0	0.0	800.0716909317604	0.0	4.608177199097304	0.0	0.0	5.260093024139413	0.0	0.0	0.0	0.0	0.0	0.0
AATCACGCATTTGGCTACTTTAGG-1_2	0.0	45.735668653274466	47.97302464125994	34.06792430410511	56.59301119244713	29.314334745636213	506.036005694911	14.220833055719774	0.0	0.0	0.0	43.998367248762065	0.0	0.0
AATCGCGAGGTTGCAGACTTTAGG-1_2	1.567980554216777	45.23249907719909	442.9473113151273	0.0	0.0	0.0	0.0	13.295967862198573	0.0	3.5119727049386715	1.8667962460408225	3.392624478689849	1.917963015651793	4.098680800115409
ACAGCGGGTTGCGCTAACTTTAGG-1_2	491.64637034319907	0.0	45.78343598767164	0.0	1.2494551804283334	27.303443823565622	39.98571086397747	2.557618013880604	0.0	22.236751618106478	0.4526450427810127	14.899128541058634	0.0	13.802259452144533
ACATACTTCTGGAAACACTTTAGG-1_2	627.0905930321607	0.0	0.0	0.0	20.20493169460707	6.430682540844817	0.0	0.0	2.763030573284113	0.0	0.0	0.0	0.0	0.0
ACCAATCGTTCACTCCACTTTAGG-1_2	0.0	454.28755286825	0.0	264.90945721943064	34.34070656316663	20.279442673433948	26.576709799821135	21.249008880854802	12.353916034653215	0.0	0.0	0.0	0.8858855188646696	0.0
ACCACGTTCGGGACTAACTTTAGG-1_2	564.7669989891864	14.671307515719281	11.441751478092936	10.947254206797494	16.240668655779633	11.399958449192283	0.0	8.070185402788091	0.0	1.5317226884479531	0.0	0.0	6.546848952240097	0.0
ACCGGCTGTTTCCTCAACTTTAGG-1_2	11.26794966352577	321.04836719636137	117.81938415865974	37.14976889511459	0.0	52.66838280237906	0.0	0.0	8.952335065664686	10.259782499390191	0.0	0.0	7.950085901153834	0.0
ACCTCTAAGGTAGTTAACTTTAGG-1_2	348.10228304575276	99.10374853410465	39.06642542121751	0.0	62.281636423257936	8.656534561073626	12.560209710751884	2.1564981628430266	17.971212065808906	8.347495637910226	10.097234747839378	0.0	7.311377876273162	0.0
ACGGTAAGTCAAAGGCACTTTAGG-1_2	516.3186461073185	0.0	0.0	0.0	0.0	0.0	0.0	0.0	0.0	34.05392257910353	7.841456165575286	0.0	0.0	0.0
ACTAATGAGGAAACTCACTTTAGG-1_2	0.0	403.3859632233163	5.013126523276344	82.28999933693068	0.0	0.0	38.463185969893765	0.0	0.0	1.2820989575951454	0.0	19.415308691166317	0.0	11.53511494930507
ACTACAAAGGATTATGACTTTAGG-1_2	35.84788825155963	0.0	582.8815483776453	0.0	0.0	2.6190408763062223	5.431392538552423	0.0	0.0	25.045233926908278	0.0	0.0	0.0	48.56356921591229
ACTACTAGTTTGAGCTACTTTAGG-1_2	34.810829550838534	186.11603271807934	0.0	0.0	1.818966499211986	340.2828566172756	0.0	0.0	6.215426602821519	0.0	0.0	0.0	0.0	0.0
AGAAGCAAGTCGTTCAACTTTAGG-1_2	44.97522919573353	0.0	0.0	641.0757856243738	0.0	0.0	0.0	0.0	2.9950031788407654	13.547711356590181	2.8814336412530466	0.0	0.0	0.0
AGAAGGTCAGGCTATAACTTTAGG-1_2	0.0	928.6846099834279	0.0	81.36771334562043	0.0	0.0	0.0	0.0	7.654571228436633	6.022173395799685	0.0	0.0	0.0	0.0
AGACACTAGCTAGATAACTTTAGG-1_2	930.7536953396253	0.0	0.0	3.2742636799129285	0.0	0.0	0.0	0.0	0.0	0.0	0.0	0.0	0.0	0.0
AGATTAGTCAACCTCAACTTTAGG-1_2	420.78219553209397	3.509037768725954	0.0	0.0	0.0	8.110635204434576	48.59085990355132	103.95581572258611	77.85773970623717	9.942312592593687	42.16854672362227	0.0	46.88161056876267	0.0
AGCATCCTCATGGAACACTTTAGG-1_2	625.7003919019737	0.0	0.0	0.0	0.0	0.0	0.0	0.0	0.0	6.944325450154831	0.0	0.0	0.0	0.0
AGCCATTGTAATCCTAACTTTAGG-1_2	13.75908389521251	47.04009315333102	63.835242141988616	370.14510489395434	11.327202341762263	0.035171054752944436	0.1223553730602302	0.0	0.0	18.70506465087346	0.0	0.0	6.381203299637995	0.0
AGCTAAATCGGGACTAACTTTAGG-1_2	0.0	1.6136846004215093	579.3018147576453	25.372439733793207	0.0	7.407040295286421	0.0	0.0	6.273178436000354	0.7472686664787269	0.7700039504944068	0.0	6.907010243493218	0.0
AGCTACCTCCGGATAGACTTTAGG-1_2	576.7455754663001	0.0	26.887887892398776	0.0	0.0	0.0	0.0	0.0	0.0	21.627705328070533	5.235522825556176	0.0	0.0	9.910175400111749
AGCTATGCAAATACCGACTTTAGG-1_2	494.95328319385504	17.21024280787971	24.647663124009632	4.369522615322444	26.719852031131605	6.062654980693625	2.0952182478560233	0.8578334452088797	13.548888478005596	0.25609973059903496	7.261142516266101	3.676095257005112	0.0	6.1518408024422895
AGCTGGCAGGTGAATCACTTTAGG-1_2	496.6262291300719	9.21811006567997	26.64811491680574	16.900484805284087	42.57541833848914	25.657516030764267	4.772701173389497	15.99008158997036	5.525009320080071	29.745171089298267	0.0	1.8507793698036765	0.0	6.165285197672549
AGGGACCTCAGTTAGAACTTTAGG-1_2	16.265356965707127	0.0	673.0532054721493	0.0	6.345064517859609	13.294259776434751	5.667527726113466	16.74665710190883	0.0	9.301729189216637	15.043150938454488	0.0	2.9561147827090837	0.0
AGGGTGGAGGCCTTCGACTTTAGG-1_2	441.17919450285234	0.0	37.138890278759504	36.483315530338906	6.239665632929036	13.346312009112664	33.55989737612035	14.01307402284164	3.595633278566418	0.0	7.083801851207397	0.0	0.0	0.0
AGTAAACGTGACACAAACTTTAGG-1_2	32.17253411364195	105.029914486352	26.576439105873074	462.6961487836661	41.60160204328942	9.874309106032182	3.8786876312322316	8.826220686184588	0.0	15.827143157530523	0.0	0.0	0.0	0.0
AGTAGGCGTACAAACGACTTTAGG-1_2	0.0	647.8207966713719	0.0	46.13308926275462	0.0	4.5729166505772865	44.78287278126681	7.004212111968237	1.0700358906270673	0.0	0.8366106610166548	0.0	0.0	0.0
AGTGACCCAGAATCGCACTTTAGG-1_2	33.85461771726551	99.0822782901394	390.33490457651953	0.0	13.65762775505553	99.92711273329506	0.0	0.0	15.44730101240335	17.544435948769006	0.0	0.0	0.0	76.74055835933072
ATAACCAAGGTGAGCCACTTTAGG-1_2	0.0	156.71220095982977	50.701403371074456	459.28627644799036	0.0	0.0	0.0	0.0	0.0	0.0	0.0	9.949930910538967	0.6035329402124655	0.0
ATAAGCCAGAGCAACTACTTTAGG-1_2	4.8376739620220555	0.0	663.7569102699784	0.0	0.0	0.0	0.0	0.0	2.365735031127599	47.31008695992986	17.074857517432406	0.0	0.0	0.0
ATAGAAGCAGTGAGGAACTTTAGG-1_2	366.1438682390839	50.112649964091304	57.98147612040859	0.0	45.90570811458559	26.174664909394984	53.20683235995356	2.9923945756283965	10.148204311544587	18.286937851815665	0.0	10.432541271316673	12.374040981052628	27.723892790804133
ATATAGCCATGGGTTAACTTTAGG-1_2	9.002111497159566	0.0	659.1223788714202	0.0	0.0	0.0	6.696802143649948	0.0	2.1724109033084673	0.0	0.0	0.0	0.0	0.0
ATATCGAAGGGTTTGGACTTTAGG-1_2	0.0	1.957130201061275	0.0	45.997123436945195	40.70296296173158	46.13414278831211	665.2872464332527	0.6977841130495526	0.0	0.0	0.864228824701056	8.146156295782186	0.0	8.962991626636736
ATCAGGTAGAAACTCAACTTTAGG-1_2	0.0	0.0	526.7436952795181	0.0	0.0	0.0	37.48091519723115	0.0	0.0	0.0	0.0	0.0	0.0	0.0
ATCGCGCGTTTACCGGACTTTAGG-1_2	9.93644923349297	0.0	0.0	0.0	0.0	745.4367357007567	16.316600262769178	0.0	0.0	0.0	0.0	0.0	0.0	0.0
ATCGCTCAGGAACCATACTTTAGG-1_2	199.91182637013506	10.907244444254223	7.033955811806858	0.0	21.70701162468931	8.37656794160358	44.85525990989342	12.30037601932456	409.06314181247427	3.2683351897351103	0.0	9.389805930210025	0.0	0.6218496832997636
ATCGGGCAGGACAACTACTTTAGG-1_2	0.0	0.0	0.0	0.0	0.0	0.0	0.0	0.0	0.0	0.0	0.0	0.0	649.369281543719	271.94860013760155
ATGAAAGCATTTGTTGACTTTAGG-1_2	608.8635580979575	39.54805141769224	0.01886153392467052	0.0	0.0	0.0	0.0	1.4411713128271302	0.0	0.0	11.786707470549981	0.0	3.777750623924101	0.0
ATGAGGAAGTCTGTGCACTTTAGG-1_2	56.361023010338855	406.1915897247016	71.43404994456286	0.0	77.46408545550169	0.0	0.10602426176996256	0.0	12.638556631706136	8.55294544733179	1.9169216151638258	29.52186538537755	0.0	33.23264005033668
ATGGCCTTCCAAAGGTACTTTAGG-1_2	23.378125578661844	407.8038460668754	125.18755294044693	14.773113958519534	0.0	4.72778011870289	40.89078494537006	17.790403248275112	1.2747700677661482	0.0	10.480162622389091	6.99736513975564	0.0	5.379679398619611
ATGTGGGTCCGCCTCTACTTTAGG-1_2	0.0	0.0	0.0	1036.2740240701908	0.0	0.0	0.0	2.470704981776135	5.980753187326971	0.0	0.0	0.0	0.0	0.0
ATTATGGAGTGTTTGTACTTTAGG-1_2	489.3901045441185	0.0	12.85579623073954	20.997350613292312	0.0	0.0	23.797218193841648	12.49310059788411	0.0	2.343278277383416	0.0	0.0	0.0	5.71356153966904
ATTCGATTCTAAATCCACTTTAGG-1_2	56.75719011784693	0.0	36.54779245199161	9.215460872745142	0.0	8.495483422615127	691.4926314110312	0.0	0.09031546557026483	0.0	0.0	0.0	0.0	0.0
ATTGATGAGCAGGCTAACTTTAGG-1_2	0.0	0.0	0.0	0.0	731.8152778466913	0.0	0.0	22.385181273737008	49.158086723640785	0.0	0.0	15.797017898656184	0.0	4.409540733581233
ATTTAGGAGGAAGCCCACTTTAGG-1_2	569.5481331968422	0.0	0.0	30.85555741725257	0.0	0.0	0.0	0.0	6.2827892860531565	2.3201880148499305	0.0	0.0	0.0	11.409545367482892
CAAGCGATCTAATCACACTTTAGG-1_2	0.0	524.3685359297021	19.4430843502132	68.43398490066447	0.0	14.88950833280187	0.5445545619625823	28.449397661791444	0.0	0.0	9.03022063870518	0.0	23.103528109955498	0.0
CAATACTTCTATGCATACTTTAGG-1_2	0.0	669.7608655763603	0.0	0.0	0.0	0.0	21.655229491554735	0.0	0.0	3.2784404886016003	0.0	45.932220886825775	3.955808367077354	0.0
CACAAGCCAGGCAACTACTTTAGG-1_2	931.6254444015121	0.0	0.0	0.0	0.0	0.0	0.0	0.0	0.0	0.0	0.0	0.0	0.0	0.0
CACGTTATCCCAGACTACTTTAGG-1_2	0.0	0.0	840.8828500207524	0.019650016028399893	43.2943800981095	0.0	0.0	0.0	0.1081054729077237	6.271789737409884	0.0	0.0	0.0	0.0
CAGCTGGCAGTTATGGACTTTAGG-1_2	0.0	759.6231540754768	0.0	11.705563517254895	0.0	0.0	0.0	20.338294961245175	28.741410194111076	0.0	0.0	0.0	0.0	0.0
CAGGGCAGTCAATCGTACTTTAGG-1_2	22.9340466167897	174.198995697824	0.0	45.58333273477041	35.051738530325004	15.434604226508277	32.47126059789284	18.150643223466783	12.045154856085151	305.28443229340843	0.0	9.172761768377	4.81569801381979	0.0
CAGGTTCTCGCTCAGTACTTTAGG-1_2	0.0	619.1758470584119	0.0	0.9741117350814111	0.0	0.0	0.0	10.583186574378981	14.735225943765961	12.13551049342679	12.424725667264898	0.0	0.0	0.0
CAGTATTTCCTGGAAGACTTTAGG-1_2	5.525526674418462	74.23021940582437	359.50241048734875	0.0	120.2575382204037	21.149111540983796	0.021930527292937447	37.32174922137283	0.0	11.966184482973702	0.0	0.0	0.0	21.628772958255208
CAGTGTGAGGTGAGAAACTTTAGG-1_2	507.52334463291146	0.0	0.0	32.067565884440036	0.0	0.0	64.73421502291143	0.0	0.0	6.199095733729094	0.0	6.887531741512839	0.0	0.0
CATCCTTTCACCTAATACTTTAGG-1_2	0.0	886.8530614588573	65.07001808129044	0.0	0.0	0.0	0.0	0.0	0.0	0.0	0.0	0.0	0.0	0.0
CATTAGCGTATTTCGAACTTTAGG-1_2	47.74031425635929	0.0	0.0	661.9934033879987	0.0	0.0	0.0	0.0	0.0	20.9406956333916	0.0	0.0	0.0	0.0
CCAAGACCACTTCGATACTTTAGG-1_2	905.0675164197007	0.0	0.0	0.0	0.0	0.0	0.0	0.0	12.592768200196666	0.0	3.6578597050962096	14.302418648862915	0.0	0.0
CCAAGTGAGCCATAAAACTTTAGG-1_2	101.98154953704426	82.54046603680132	64.55630163645927	2.862281949827746	50.21810334904248	0.0	30.79311284157327	45.92846196917243	124.04441851916008	5.3998118023374015	45.731609923182326	0.0	13.21233675639187	0.0
CCACATTCAGTAATACACTTTAGG-1_2	97.56648138674232	185.28855799738426	113.58674008592543	26.20876867910971	39.6526673504715	13.795213034560943	5.091883833126178	19.30247025280956	8.580846502306466	7.483693165739845	14.48984720916533	0.0	0.0	0.0
CCACTAATCGATTCTGACTTTAGG-1_2	0.0	0.0	0.0	0.0	0.0	0.0	0.0	0.0	1322.1625423732337	0.0	0.0	0.0	0.0	0.0
CCACTAATCGGGCAACACTTTAGG-1_2	0.0	0.0	535.417703475554	6.524885472844766	0.0	8.721908386732832	6.373365218952818	0.0	6.168685949260696	6.163023360528385	1.33279341938286	0.0	0.0	0.0
CCAGGTTTCAACTTGTACTTTAGG-1_2	4.377663212691609	0.0	430.37178192807085	8.38991954977679	29.393145188988825	0.0	0.0	0.0	0.0	9.272731615866713	11.222996347404266	0.0	0.0	10.163065194898424
CCATCAGGTTGCACTGACTTTAGG-1_2	0.0	159.59543325379448	4.563939749233513	76.17038495707136	11.554959063066121	310.27225367976473	1.8715840473602765	0.0	26.785233361932395	17.3202897420975	0.9412898412891351	6.576430245767111	0.0	5.594279741846104
CCATTCGCATTGCCTGACTTTAGG-1_2	494.9716058306278	0.0	0.0	42.84349111410302	18.97077122338252	5.341831786495975	51.529702490577336	32.369040642464626	0.0	2.585566324468217	7.493707172575531	13.323118077540784	0.0	10.651402153599506
CCCACTTGTAAACCCTACTTTAGG-1_2	48.97084902434195	356.78802481207333	112.18660355111064	0.0	0.0	65.19348367002644	0.0	0.0	8.349057939771425	14.510709341499892	0.0	0.0	9.744126324430784	0.0
CCCTGTTGTTAGCATCACTTTAGG-1_2	226.94627907832879	20.812816263683327	58.6104771944239	0.0	256.8936268327376	9.915370544630576	0.0	0.0	0.0	11.849241144367804	7.397125371375896	0.0	2.2886050204106523	0.0
CCGGTACGTTGAGTCTACTTTAGG-1_2	519.631836547186	24.04352903698184	0.0	18.078919231951794	0.0	10.56414351977505	21.47250228319821	11.236624521855452	0.0	0.0	15.701267084562641	24.05797214706666	0.0	2.040953850970607
CCTCAATCAACATAGTACTTTAGG-1_2	2.151251118106617	0.0	552.5765256944694	27.480978276285157	0.0	0.0	18.865948674962752	1.1125484528170506	2.6467569855644513	2.364749586467241	0.0	2.4512209996608023	0.0	2.170885347242194
CGACTTTCAAATCACGACTTTAGG-1_2	220.37968551748293	26.981307367896818	14.22696680682921	0.0	38.43536496869176	29.79297503662299	43.210415720964846	7.7148697276716645	17.71895594733757	5.419460488035096	12.06459282079735	11.35314954187456	0.0	27.642212946666433
CGATTGACACGGTAACACTTTAGG-1_2	0.0	0.0	564.9439617572136	26.439372923736823	0.0	18.08062496878124	12.422478216958122	0.0	0.0	0.0	0.0	0.0	0.0	0.0
CGCACATTCATTGCATACTTTAGG-1_2	68.17519360174332	29.049443351048915	46.111733069637395	18.966633392547	0.0	6.431480024459631	131.86344045352647	54.19449868893026	4.0592390379146925	0.0	0.0	15.317615058581703	73.78158641686858	0.0
CGCAGCACACTAGTAGACTTTAGG-1_2	842.2858885827005	0.0	0.0	0.0	0.0	0.0	0.0	0.0	0.0	0.0	0.0	0.0	0.0	0.0
CGCGACACAAGCGAAGACTTTAGG-1_2	23.459758933529866	495.58812186656854	0.0	45.735973548618176	0.0	0.0	0.0	0.0	0.0	55.145215406452195	0.0	0.0	2.422132860415118	0.0
CGCTGGACATGTGGCGACTTTAGG-1_2	33.73259780352644	769.9426173974862	50.41828643022334	0.0	0.0	0.0	0.0	17.125496064720664	4.531030428014267	9.64049036465449	0.0	0.0	0.0	0.0
CGGAACCAGTCTAACTACTTTAGG-1_2	9.873804390169486	0.0	0.0	0.0	0.0	0.0	1322.9805661886662	0.0	0.0	8.09423842013871	16.458531639668223	0.0	0.0	0.0
CGGTCAAAGGCGAGAGACTTTAGG-1_2	0.8048370238738907	444.0577442604812	82.5693008610902	33.00938717313371	0.39336928306279584	0.0	4.712099262498574	28.388396429476725	0.0	17.781182166182468	0.0	1.771579022623514	0.0	20.42078868637855
CGTAATCGTGGACACGACTTTAGG-1_2	2.901067504312996	0.0	13.135767145331842	204.5101677418529	53.50080643145157	99.23755858792026	37.748538789410844	0.0	0.0	0.0	23.12585720838437	51.025734912173036	0.0	30.929901039072554
CGTAATTTCCTGGAAGACTTTAGG-1_2	632.9595563794004	0.0	0.0	0.0	0.0	0.0	0.0	0.0	0.0	0.0	0.6568118825237347	0.0	0.0	0.0
CGTGTCCCATTGCATCACTTTAGG-1_2	542.717001245519	0.0	0.0	0.0	0.0	0.0	28.758528665082288	18.375350373157147	17.666066568536287	0.0	0.0	7.750312487112063	0.0	0.0
CGTTATGTCGCCTCGAACTTTAGG-1_2	0.0	11.8874682297433	0.0	0.0	0.0	0.0	0.0	800.3514090158225	35.93462686167887	0.0	0.0	0.0	0.0	0.0
CGTTTGGGTGACCTTGACTTTAGG-1_2	69.20427842366561	55.36015662208018	414.0872573136699	0.0	0.0	7.256153596594322	0.0	0.0	0.0	0.0	0.0	8.172388024923288	65.78734487836805	0.0
CTAAGTGCATCCGCTAACTTTAGG-1_2	0.0	0.0	732.586979676528	6.586108189937499	0.0	0.0	0.0	3.527135560158635	0.0	0.0	1.6037486162891728	0.0	0.0	0.0
CTACCCACAAGTTAACACTTTAGG-1_2	0.0	0.0	5.597704988513825	0.0	0.0	0.0	0.0	0.0	0.0	0.0	1441.8468663118126	0.0	0.0	0.0
CTATCCGCAGCAATTGACTTTAGG-1_2	0.0	0.0	0.0	0.0	690.5807880331481	0.0	0.0	0.0	0.0	0.0	0.0	7.27842298600399	0.0	0.0
CTATGCTCAATGTGGCACTTTAGG-1_2	0.0	41.999988441425536	9.862302208373583	4.703808263000118	0.0	611.3133499296782	0.37050638094921606	2.6294340884693392	0.0	0.0	0.8335922176108288	1.3998090955171165	16.845381595571098	0.0
CTATTACAGCCACTCGACTTTAGG-1_2	0.0	0.0	489.4858316563043	56.749518092175215	17.3698822149158	13.7999158745801	8.622802716365443	6.807462524556171	14.850616230238346	0.0	0.30604948462356013	0.0	0.0	0.10822069806082579
CTCAACATCCAAATAGACTTTAGG-1_2	0.0	571.25154983884	6.251444804423264	0.0	44.055008197037274	0.0	46.85546759297922	0.0	0.0	26.400246093352646	0.0	0.0	0.0	0.0
CTCATTACAAGCTTTCACTTTAGG-1_2	0.0	385.9550932164111	205.09150989743767	126.60604110969247	0.0	0.0	0.0	0.0	0.0	0.0	0.0	0.0	0.7102268033987177	0.0
CTCCATCGTTTGTTGAACTTTAGG-1_2	61.65999969803524	0.0	468.11458317252016	0.0	89.57770171774779	0.14363089775348972	13.979900814385383	60.93374668143222	0.0	17.012601788051807	0.0	0.0	0.0	9.112401560011692
CTGATCCAGCACGTTCACTTTAGG-1_2	561.4627087030572	44.38102379506114	0.6316480153550511	16.124439085494465	0.0	23.4978884747573	19.316650534478637	0.0	0.0	21.94552612086294	0.0	0.0	12.059096892787377	0.0
CTGCAACTCAGGGATTACTTTAGG-1_2	8.784553919993225	0.0	577.5042831200857	11.334781236361007	0.0	0.0	25.988073461581752	0.0	0.0	1.6254546049081373	0.0	0.0	15.46235251290019	0.0
CTGGTTATCTCTCGCCACTTTAGG-1_2	27.460362937501287	356.40080820385657	9.213968999898206	0.0	27.78265060632152	1.7320490256410945	5.430958579054176	0.0	35.172375073693274	65.37306697401083	0.0	0.7731425365631331	7.111957073048687	0.0
CTGTTTACACCATCCAACTTTAGG-1_2	4.191268748701068	706.9548963043577	0.6633406156645442	0.0	0.0	0.0	30.684967699205913	0.0	0.0	27.00086265777207	88.23220332593492	0.04784162319413532	10.408030505848158	0.0
CTTCAATAGGTAAGCTACTTTAGG-1_2	0.0	814.994487253262	0.0	0.0	0.0	212.5560572894672	0.0	0.0	0.0	0.0	0.0	0.0	0.0	0.0
CTTGCTGCACATGAATACTTTAGG-1_2	0.0	0.0	0.0	12.90413787654875	0.0	15.894240717332098	8.884397273392077	0.0	361.49214193144485	9.765059915058359	33.26277420620126	341.18865285724536	0.0	35.88071682775784
CTTTAACAGGGTTTCCACTTTAGG-1_2	11.422936589727946	266.824881168801	197.31866418458662	32.905514814782876	0.0	54.086552999281245	0.0	0.0	10.540293719232283	11.264976183497847	0.0	0.0	0.0	24.91129276347075
CTTTAACAGTCGAAGTACTTTAGG-1_2	416.13865682491553	16.07810624818538	30.76108554017788	0.0	75.09449986471229	6.059311904134879	19.681906986008393	29.77747711851429	0.0	0.46438940865378386	0.0	0.0	5.482910677797415	0.0
CTTTCGTTCGCAACGAACTTTAGG-1_2	15.0805383758333	420.6580845906534	0.0	114.5163750640232	37.93958241809071	0.0	18.16101768175863	11.6514497727124	0.0	97.16916207776087	0.0	0.0	0.0	0.0
GAACAATGTCAGGATAACTTTAGG-1_2	2.2903543671459263	0.0	16.953221124883996	0.0	43.49015631077743	621.2794883170702	0.0	0.0	0.0	0.0	0.0	4.027165785823575	1.4623546243591887	0.0
GAAGAATAGCTTAAAGACTTTAGG-1_2	588.5683802802059	0.0	0.0	0.0	18.069280216739916	20.14100100576775	4.625627479748306	9.59070849206757	0.0	11.945075468222344	0.0	2.175420820296016	0.1438596855636378	0.0
GAAGTATGTGCGGCTTACTTTAGG-1_2	501.5535514815538	4.653161004604126	34.14196383034818	40.424281245059966	18.90083791775198	2.9845603300155354	1.7263786714895997	5.654133869915155	0.0	0.0	5.787394627628531	0.0	0.0	3.7714293006398694
GAATGACTCTGGTCTAACTTTAGG-1_2	0.0	0.0	0.0	36.622697535560285	67.77782319250122	20.57682543622573	17.16695215281557	33.768842053241215	235.1871634672826	17.400560707381825	0.0	217.50919549670618	0.0	0.0
GAATGCGTCAATTTGCACTTTAGG-1_2	630.7014778716444	0.0	9.599753475054552	7.1827583613358925	12.403110057167307	0.0	0.0	0.0	0.0	0.0	0.0	0.0	0.0	0.0
GACAGGGAGGAAGCAAACTTTAGG-1_2	146.61057921615856	4.12619297947159	17.943713197644396	16.178464653880773	8.917878959466998	3.0655291454790285	38.81849129103746	14.66775754959119	114.93128479362845	0.0	15.662952474723578	18.52513102585993	0.0	0.0
GACCGTGCAACTAAGTACTTTAGG-1_2	450.64065063241344	24.449994741528098	3.2195703410078758	0.0	17.54074668558921	32.59039361730167	0.0	1.919810588791203	0.0	0.0	10.386715424591808	3.2910453161947277	0.0	0.0
GACTAAATCTGGTCTAACTTTAGG-1_2	623.4861623042852	32.94455636648495	4.923040214850591	0.0	3.7692455771778146	9.156657228939965	41.27288287413638	0.0	21.82583237743235	0.42667519867427656	0.0	0.0	0.5282072550563293	0.0
GACTCAACAGATTGCAACTTTAGG-1_2	20.023850345542648	459.13072959136497	22.537365414206263	0.0	34.33388620309071	0.0	0.0	12.70606017771595	12.44633571841088	0.0	9.980704399487564	0.0	0.0	0.0
GACTTACGTCATTATGACTTTAGG-1_2	410.8197519526902	7.118408024105415	73.25371867570257	0.0	29.113619136330186	22.48680690575599	0.0	0.0	0.0	4.515190657983313	11.115563412054716	12.6084245270505	0.0	0.0
GACTTACGTTAACGAGACTTTAGG-1_2	68.82731422174287	16.60395639326752	7.369929327246176	0.0	14.695511360475457	38.945093980229515	58.392131594685225	23.32570006337666	20.031923779916685	4.251470706759756	53.9946509103944	5.247826744563795	0.0	0.0
GAGCAAGCACCATCATACTTTAGG-1_2	0.0	0.0	0.0	0.0	0.0	0.7754121055379567	0.0	0.0	895.2951162422879	15.475673327765204	0.0	0.0	0.0	0.0
GAGCTATAGCGCTCCAACTTTAGG-1_2	118.15763796159882	241.76962758386856	0.0	0.0	26.320662880663452	18.130039635240646	16.509186737407585	24.827362224711546	176.76373559677967	0.506237473451254	41.30391426562649	1.6277233899585961	35.783114895069026	0.0
GAGGAGTAGCAATCGGACTTTAGG-1_2	0.0	0.0	0.0	0.0	0.0	860.759321972421	0.0	16.665081320102775	0.0	0.0	0.0	4.9221886744503545	0.0	0.0
GATATGATCCTGTTCTACTTTAGG-1_2	0.0	0.0	0.0	761.6319551111478	0.0	0.0	0.0	0.0	0.0	12.085880395540135	0.0	0.0	0.0	0.0
GATCACACACCAACAAACTTTAGG-1_2	461.6404362714225	27.862876686377938	66.24517684998665	0.0	219.54476850071967	52.143545708191155	0.0	20.18327254158074	20.180917000180752	16.186024777043244	9.404710762216876	0.0	2.762757194759189	0.0
GATGGTAGTGAACGACACTTTAGG-1_2	277.6963427347737	11.040645869560914	39.43832704409682	0.0	267.29912360700075	2.181982271905738	14.480247362899203	0.0	0.0	12.446659626806833	0.0	0.0	0.0	0.0
GATTAGTCAACAGAGGACTTTAGG-1_2	85.34378673715986	107.2417796693927	245.84323062105122	0.0	0.0	19.812281559773982	11.902864989758253	0.0	0.0	0.0	0.0	0.0	0.0	14.734100906043913
GCAAATTCAACCGGATACTTTAGG-1_2	0.0	302.12453757840734	3.1131973144960345	330.2805143985969	0.0	12.4911331025947	0.0	23.923476371434678	0.0	10.749980026338955	6.9384016818641765	0.0	0.0	0.0
GCAGCAATCTTGATCGACTTTAGG-1_2	0.0	595.6183724941418	25.459545586766975	66.6330293151542	0.0	0.0	0.0	0.0	0.0	0.0	0.0	38.418193630760456	0.0	0.0
GCAGGCTAGGCGATATACTTTAGG-1_2	87.4882724363642	0.0	364.2050915708657	0.0	38.451787049870276	13.242345607954155	13.801387396922594	0.0	0.0	14.224042601400281	0.0	7.762020228634883	0.4325856891758591	7.885542686767191
GCATTTGTCGGTTCCGACTTTAGG-1_2	95.54361192854968	85.61335949326498	278.8821295785202	0.0	19.23701474044532	68.92360528793215	0.0	0.0	0.0	0.0	1.3945966750973224	0.0	59.664895040346686	0.0
GCGAGCTAGTTTGCATACTTTAGG-1_2	545.9030013295226	8.663775410055623	0.0	19.061534258227283	6.230272027488274	0.0	30.6574299796838	31.696896721642037	0.0	0.0	0.0	5.24742630997597	0.0	0.0
GCGTTACTCCCGCTGAACTTTAGG-1_2	475.9551935487656	0.0	0.0	0.0	6.8124402864895055	3.427785164277482	0.0	23.424253828154985	10.10173736593298	38.63633767614622	0.0	7.255252756497522	0.0	0.0
GCTAACTGTGCTTCGAACTTTAGG-1_2	0.0	0.0	622.471035088581	0.0	5.468230662963888	9.165394100612495	0.0	0.0	0.0	0.0	0.0	0.0	0.0	0.0
GCTCACCCATCATGTCACTTTAGG-1_2	503.20055686093957	0.0	0.0	0.0	0.0	22.652457704849354	7.243642931491623	31.189878703935175	1.9273245722503123	0.0	0.4749469857048215	0.0	0.0	10.642105533272273
GCTCACTAGGTATAGCACTTTAGG-1_2	0.0	105.55395874335792	0.0	484.4890245959165	2.3433426098108225	0.0	0.0	0.0	0.0	0.0	12.099080210060169	78.65367816716002	11.41000619465369	0.0
GCTCCATAGCCTGCCAACTTTAGG-1_2	3.649419450091311	578.4607783990806	24.628263555386987	3.121073357047319	0.0	0.0	0.0	10.814527343320044	0.0	0.0	0.0	0.0	0.0	28.08849135949417
GCTGGATCACCACACCACTTTAGG-1_2	0.0	0.0	0.0	28.65207583461181	41.28608894843256	0.0	975.771298938969	4.53567948697518	0.0	0.0	0.0	0.0	2.8021816904119996	0.0
GCTTACATCGTCAATTACTTTAGG-1_2	509.6361560304425	21.493465545268005	16.20354625306021	19.703232041029732	24.00496617473489	19.724467028210345	0.0	3.399377493652174	0.0	0.0	0.0	6.418486189847548	0.0	0.0
GCTTGATGTTTACGACACTTTAGG-1_2	467.43612354471117	27.428336497579004	34.32106869425939	68.13290085999066	68.87459933642481	0.0	0.0	0.0	0.0	10.637350270738233	0.0	0.0	1.5074557349748707	0.0
GGAACCGGTATAGTGGACTTTAGG-1_2	543.4681223547756	0.6118465482425613	0.0	0.0	5.42920972908007	6.672037654052178	1.8018000423404947	0.0	0.3415033149075151	4.587334727423658	0.0	0.0	0.0	0.0
GGAAGCCTCGTCCCGAACTTTAGG-1_2	122.1629338648212	0.0	495.3785413293963	41.9608390069842	0.0	0.0	27.81270582356751	0.0	0.0	0.0	0.0	0.0	0.0	0.0
GGATTGCCAGAATCGCACTTTAGG-1_2	0.0	0.0	0.0	979.4756035252407	0.0	0.0	0.0	0.0	0.0	0.0	0.0	0.0	0.0	0.0
GGCAATCCAAATAAGGACTTTAGG-1_2	0.0	357.158074385366	0.0	156.94202971579932	18.976273588379676	2.4779592745216035	0.0	0.0	0.0	20.79347336901423	0.0	1.3940344721198044	0.0	6.500070153456926
GGCATGATCGACTTTGACTTTAGG-1_2	29.495123406513898	0.0	435.3514218263865	60.07757275355171	0.0	0.0	13.258645209519399	0.0	0.0	0.0	0.0	5.092317569979092	0.0	0.0
GGCATTTGTAATGCCTACTTTAGG-1_2	179.03969438485032	0.0	275.29140815071725	62.598622354665366	25.047998236876513	0.12043352373827977	0.0	0.0	5.6676081889139835	0.0	0.0	0.0	0.0	0.0
GGCCTTTAGCAGGTTGACTTTAGG-1_2	798.1773117653262	0.0	0.0	0.0	0.0	0.0	0.0	0.0	0.0	0.0	0.0	0.0	0.0	0.0
GGCGAATGTAAACCCTACTTTAGG-1_2	29.347395821599495	520.186539159148	10.574950601146103	75.86251086370069	0.0	0.0	2.383259257176461	2.0603663796258997	6.3699440244194045	30.798422274883556	11.390958702649039	0.0	0.0	0.0
GGCTGATCAATTGAGTACTTTAGG-1_2	0.0	378.19540380714267	17.49512085312231	105.75810052200696	58.09859327431247	19.628870477968572	6.534345513000819	0.0	6.693128250614698	4.450609135529464	15.02238097147738	8.937266870001523	0.0	0.0
GGCTGATCACCTACTGACTTTAGG-1_2	14.175446345245666	13.934973383476182	0.0	24.107196252945695	25.34393791440296	15.889565736688933	18.69176566941102	80.98277047537032	588.6219856703934	43.71395741204171	29.769816576522892	39.94475000489881	0.0	14.801861077467608
GGCTTAGAGGTTAGGTACTTTAGG-1_2	0.0	27.571580271346313	17.648468548637183	23.56119630444422	11.276870225547245	14.215158321295386	686.4461291267302	1.436206505901967	0.0	2.317802168163424	0.0	25.416103214322035	5.123170893455972	0.0
GGGATGGAGATAGCTAACTTTAGG-1_2	559.2021194018198	2.688265995232226	12.331180622748105	21.018024236714076	40.547210436274284	0.8880466612936574	10.026151236631717	12.280703019229222	0.3107931077086862	0.0	0.0	0.0	0.0	0.17422248445516456
GGTGTGATCCTAAGTTACTTTAGG-1_2	30.408888835508655	376.32101842530454	0.0	165.19805119115802	0.0	11.119121854979943	30.960712143133616	0.0	0.0	12.677610381240914	0.0	10.100287459419224	0.0	0.0
GGTGTTTGTACGAATGACTTTAGG-1_2	259.8033144465803	0.0	43.05699176328129	48.30651522182895	11.971028487965084	286.78325901714857	0.0	0.0	0.0	12.66162556262026	1.2075742061893053	10.485353912224102	0.0	0.0
GGTTACCTCGGCTAAGACTTTAGG-1_2	0.0	805.6851989904931	0.0	0.0	0.0	0.0	0.0	1.3108836528494836	0.0	0.0	0.0	23.057713386741234	8.439523242898852	0.0
GGTTGACCAATAGAAGACTTTAGG-1_2	1.31419067867422	675.3117566247688	0.0	0.0	40.44076117675449	0.0	4.132748676534424	0.0	0.0	5.430247351417634	33.25763500211162	0.0	0.0	0.0
GTAACCTGTAACGTGAACTTTAGG-1_2	636.3028647679803	0.6295089825497376	7.3178932061145305	0.0	0.0	0.0	3.382760407645469	0.0	12.32328701575691	0.2485818014248716	3.748492703448892	0.0	0.0	19.10342583286319
GTACCTATCCTTGTTCACTTTAGG-1_2	25.73001349963694	395.7955723382221	0.0	60.92346152438844	6.556082813237221	0.0	0.8196225213007468	1.3471395948219196	0.0	30.265273214073147	8.489952443698439	0.0	0.0	0.0
GTTAGCGAGCTAAATGACTTTAGG-1_2	0.0	0.0	537.7718798412933	34.66161629729772	0.0	0.0	0.0	0.0	0.0	6.390946150803052	0.0	0.0	0.0	0.0
GTTCCATCAGCTCGCTACTTTAGG-1_2	0.6530459894425188	25.488385150699692	536.7935914619526	0.0	0.0	0.0	0.0	5.005766015524973	0.0	0.0	0.0	1.78537979114656	0.0	0.0
GTTGGATAGGGCGGTTACTTTAGG-1_2	533.6530757749025	0.0	107.03398893621161	18.291159009116218	13.823830643480877	8.448527248651377	71.88282886923788	16.244344875442213	23.275897267907055	0.0	0.0	0.0	3.9771260641530475	0.0
GTTGTTGTCGATTAAGACTTTAGG-1_2	486.60942340733095	46.08541532484492	46.14053447671415	0.0	0.0	5.684389327295862	0.0	0.0	12.536194458979548	0.0	0.0	24.581929553657595	0.0	0.0
GTTTGGGAGCAAATTGACTTTAGG-1_2	0.9037233345961603	22.712248333364414	33.77509141725167	3.3253124459678736	0.0	4.7186019573373095	6.746988209530006	86.2805150120206	5.238536090386817	47.94907510159853	24.957404947358846	26.37462480318339	0.0	0.0
GTTTGTCCATTGCCCAACTTTAGG-1_2	0.0	0.0	813.1059614695896	0.0	0.0	0.0	0.0	0.0	0.0	0.0	0.0	0.0	0.0	0.0
TAACCAAAGCATCTATACTTTAGG-1_2	510.85226391700417	28.903383030809035	0.0	0.0	18.46038423976074	8.657725659325077	23.124784310302655	0.0	0.0	0.0	0.0	43.2170999743001	3.9037109551234117	0.0
TAACGTTTCAGCATGGACTTTAGG-1_2	0.0	0.0	11.553027427964997	0.0	3.966671482564746	0.0	0.0	648.1961630209386	6.613313967853434	0.0	7.637035504141242	0.0	24.714473104058452	0.0
TAAGGTTCAGCAATTGACTTTAGG-1_2	0.0	464.1347914277549	0.2531343821918848	86.49950006157648	0.0	0.0	0.0	17.256699741745273	0.0	22.909489989825683	25.58318484303665	0.0	0.0	0.0
TACCAGCTCATAATGGACTTTAGG-1_2	0.8394795516318306	11.095130441303036	590.5868367826772	4.177177448563257	0.0	16.57389772363636	0.0	14.08564637886505	6.170046946340338	0.0	1.1307984353959977	0.0	0.0	0.0
TACCCGGTCTGTGACCACTTTAGG-1_2	0.0	0.0	618.195006096564	0.0	0.0	0.0	0.0	0.0	0.0	0.0	9.744069464289577	0.0	0.0	0.0
TACCTGCAGACAGACTACTTTAGG-1_2	101.8096166482851	0.0	405.3627363726467	0.0	79.77260807002902	16.08030186393551	32.30420510738482	1.5528527538106536	21.054300827451573	1.7003917035013645	0.0	0.0	0.0	0.9924977291239995
TACCTTTGTTAACCACACTTTAGG-1_2	392.51492146244794	0.8030488872438833	21.881945808462493	0.0	24.142704135012927	12.534107720013111	21.939649264444217	0.0	3.289475268812452	3.8312582623822387	11.4881202423499	1.0519916521206778	0.0	0.7803505541061473
TACTCACCATCACGAAACTTTAGG-1_2	24.774404990897725	53.63074975761978	504.33574750058705	0.0	24.845195108301812	0.0	0.0	7.490542898389561	0.0	8.840966979396745	25.08597482050633	0.0	0.0	0.0
TAGTCTCCAAGCGATCACTTTAGG-1_2	36.68624202689921	53.63578801849612	0.0	42.981265826380955	0.0	20.89994328711446	0.0	0.0	44.11347434045	403.9219124096014	0.0	0.0	0.0	17.215237722674548
TAGTTGTTCCGGATAGACTTTAGG-1_2	0.0	0.0	0.0	0.0	0.0	750.0405471656893	0.0	0.0	0.0	0.0	0.0	0.0	0.0	0.0
TATACCTAGAAACCCGACTTTAGG-1_2	51.294499903190605	0.0	472.14422613545247	0.0	36.5678024167474	18.53183859829254	27.54098810024392	6.1003296723075815	8.555116538454596	19.19279818507728	0.0	3.334313722799351	3.592701956593697	0.0
TATATCCAGGCTTAAAACTTTAGG-1_2	0.0	890.8916589850979	0.0	0.0	0.0	0.0	0.0	0.0	0.0	0.0	2.960731064039064	0.0	0.0	0.0
TATCGCTCACCACAAAACTTTAGG-1_2	426.3488741892919	1.337393071899624	94.8826687782209	0.0	31.529708882016116	2.246514877806507	43.470255335931114	7.207568825268963	0.0	20.77551625028448	0.0	2.1613633054584076	0.0	40.76242481976185
TATGACTTCATCCAGCACTTTAGG-1_2	54.70246249790703	157.20337470188863	180.5636600149018	0.0	78.41636403231684	1.6731124603728236	14.216605526545836	0.0	0.0	0.0	18.99944176654081	0.0	5.895174746996025	0.0
TATGTCCCATGAGCTAACTTTAGG-1_2	0.0	0.0	0.0	0.0	0.0	0.0	0.0	43.986744391622125	308.69225360970216	0.0	517.6154246667681	145.9750005792208	28.605589812425322	0.0
TATTGCCCAAGTTGCAACTTTAGG-1_2	0.0	514.5421677185348	0.0	30.172334939416103	63.07904814330861	26.502390749421068	5.892578658207709	4.009576673212472	1.4501506438721874	102.33274810897899	0.796588011234866	0.0	0.0	0.0
TCAACTAGTGCATCGCACTTTAGG-1_2	25.820305962435363	69.75362266440533	25.7116349924711	0.0	21.744715619119003	15.467911779155534	0.736316262081798	0.0	451.57185077349465	0.0	4.498253863975758	0.0	0.0	0.0
TCAATGGCATTTGCTAACTTTAGG-1_2	55.895943757363206	0.0	16.052902242881924	28.285872311854888	0.0	0.0	0.0	372.52060523794404	10.00149914369492	19.31420570312647	0.0	0.0	0.0	3.453167411737133
TCACTCGCACCTACTGACTTTAGG-1_2	575.6648475550738	0.0	0.0	0.0	0.0	0.0	0.0	0.0	0.0	0.0	0.0	0.0	0.0	0.0
TCATGAAAGCTCAAGGACTTTAGG-1_2	0.0	0.0	0.0	0.0	24.202406303998295	0.0	0.0	1043.6903045190954	0.0	0.0	10.915551088663111	11.91638442853658	0.0	0.0
TCCAAGTGTAATGCGAACTTTAGG-1_2	0.0	0.0	0.0	0.0	0.0	926.5558086775955	0.0	0.0	0.0	0.0	0.0	0.0	17.137153564807885	0.0
TCCATTACATAAGCTGACTTTAGG-1_2	0.0	0.0	0.0	0.0	0.0	0.0	0.0	1097.126173451854	0.0	14.744767076160665	0.0	0.0	4.545743000932323	0.0
TCCTTCTAGTTGACGGACTTTAGG-1_2	25.891427324969268	0.0	0.0	40.394260403535604	0.0	30.448199870737376	8.210687468824059	50.427844222469965	565.565916432625	0.0	17.482191011645423	66.03719981472308	0.0	0.0
TCGCGCTCATAATGACACTTTAGG-1_2	0.0	883.3423127970608	45.74996882284224	17.6756660189029	0.0	4.522781122856016	0.0	0.0	0.0	9.904623577616936	0.0	0.0	20.220583007258966	0.0
TCTAACAGTTTCAGGTACTTTAGG-1_2	459.7062485559696	14.050180239939072	52.11987474411838	0.7408329842891928	15.02616801498903	3.945817957784473	5.804847053572551	0.0	17.199862504363214	25.02251109824226	0.0	12.186470790737728	5.612259103050821	0.0
TCTCGCCTCCTTTGGAACTTTAGG-1_2	691.4887684328161	0.0	0.0	8.960722328195285	0.0	0.0	0.0	0.0	0.0	0.0	0.0	0.0	0.0	0.0
TGAACCTGTGTTAGCTACTTTAGG-1_2	11.510348450285667	375.0460011227358	60.11368725631174	0.0	11.362171806871054	23.189666925922968	6.206061813244445	30.09294524445571	4.345981760450142	2.7228952291216637	0.0	20.360852895443394	0.0	11.959772177699133
TGAAGGAAGGTTATGAACTTTAGG-1_2	0.0	0.0	0.0	0.0	0.0	0.0	0.0	0.0	1197.4672161877818	0.0	0.0	0.0	0.0	4.725184282791883
TGATTTGGTATTGCGTACTTTAGG-1_2	80.80854428238236	25.548416040282618	438.8398002364798	19.10783897088626	0.0	12.235441969937657	39.04096200623208	17.813590461254183	2.2558169698717374	6.695659812249269	6.388357027708141	13.080464774688966	0.0	0.0
TGATTTGGTTTGTCCCACTTTAGG-1_2	290.12925276613834	85.80606046505241	74.94090661028115	0.0	217.1390592019205	0.0	5.773359776804353	0.0	7.739652259437933	1.6329084791359967	3.801201580383522	0.0	0.0	0.0
TGCCGGTGTACGTAAGACTTTAGG-1_2	0.0	0.0	0.0	0.0	0.0	5.812117836380929	0.0	0.0	0.0	0.0	917.0935873309087	0.0	0.0	0.0
TGCGCTAGTAAACCCTACTTTAGG-1_2	319.2626819632977	89.20279648614455	0.0	0.0	249.37390799333895	0.0	6.861690160949878	0.0	0.0	0.0	2.661255374808143	0.0	5.012463935659079	0.0
TGCGCTAGTAACTACCACTTTAGG-1_2	102.53321092880496	39.368596838302274	72.22209008169781	0.0	235.6188789443496	0.0	18.12474739407671	2.6675026895753255	0.0	6.510926022322562	0.0	0.0	4.948708403916237	0.0
TGCGCTTAGGTCTTGCACTTTAGG-1_2	197.79312533365538	0.0	20.264440136649863	54.016789092084736	396.7038209482796	0.0	1.7018513460250937	0.7355257003632492	16.437425541907608	26.180216241439076	0.0	0.0	0.0	0.0
TGCGGAATCCTAAGTTACTTTAGG-1_2	0.23774380713650473	0.0	10.19564232487065	38.52286411220541	12.491650493859721	634.0598513964247	5.413222224119721	17.02447968821374	15.459207627765023	0.0	14.412166781941798	0.0	0.0	0.0
TGCTTAAGTTCGAATCACTTTAGG-1_2	0.0	614.3869015758014	0.0	0.0	23.76923380089219	0.0	5.429697019483046	9.387940038522574	1.5098294262809624	36.826796729030754	0.0	0.0	0.0	9.693055655899748
TGGAAACTCGAAGTTAACTTTAGG-1_2	43.988586457972296	38.290777090961534	0.0	556.2218581869764	0.0	0.0	0.0	0.0	0.0	1.1594529842481176	0.0	0.0	21.62285268726376	0.0
TGGATCGAGCAAAGCTACTTTAGG-1_2	280.18468330510143	13.843927885685652	0.0	23.423276345367025	0.0	21.572466961062833	43.08166269154168	18.202057124733678	150.49707631406181	0.0	20.511844237478368	37.96536439628396	0.0	0.0
TGGCGTGCATATAGGTACTTTAGG-1_2	26.414695504497033	84.62266164293752	15.054538039903763	138.01113281720595	0.0	37.188399942576446	51.87510081417762	15.659670830770864	30.57219124226155	52.550678199162455	52.793851408479185	0.0	0.0	123.71123258273286
TGGGTTTGTAGGTTTCACTTTAGG-1_2	12.008836680967082	0.0	630.3179170716888	5.063583922485	0.0	32.132355051852045	0.0	0.7671227754421581	0.0	5.915391258508546	3.5436636250509475	0.0	0.0	0.0
TGGTCAACAAGTTGCAACTTTAGG-1_2	667.971845807644	0.0	0.0	0.0	0.0	8.198319301186727	1.3109241379882637	11.360325595342426	6.73085497186728	18.45792458665476	5.691467788998115	0.0	0.0	0.0
TGGTTAAAGTAGCGCAACTTTAGG-1_2	17.990639064331333	10.431232806905648	523.3053598105992	0.0	0.0	0.0	70.09184937389148	0.0	0.0	0.0	0.0	13.215905510284367	1.7439143883845982	0.0
TGTGCTGGTACTAACCACTTTAGG-1_2	0.0	0.0	0.0	0.0	0.0	0.0	0.0	0.0	0.0	0.0	0.0	1335.291203476926	0.0	0.0
TGTTAGTTCAGGCTGAACTTTAGG-1_2	0.0	0.0	0.0	0.0	927.9349563977443	0.0	0.0	0.0	0.0	0.0	0.0	0.0	0.0	0.0
TGTTCCTTCGTCCCGAACTTTAGG-1_2	0.0	0.0	745.3118363012401	0.0	0.0	0.0	0.0	0.0	0.0	0.0	0.0	0.0	0.0	6.933638796806467
TGTTCTTGTTATGTGCACTTTAGG-1_2	675.3871806731237	0.0	0.009986860047544366	0.0	0.0	0.0	0.0	0.0	0.0	0.0	0.0	0.0	0.0	0.0
TTAGAGCAGAATGGGAACTTTAGG-1_2	0.0	377.05498955815705	31.49158959343239	279.77558120744567	0.0	33.1349728185007	19.76748092876982	0.0	0.0	1.283720311616458	0.0	4.564789993171823	0.0	0.0
TTAGCGGAGGTGAATCACTTTAGG-1_2	0.0	0.0	0.0	0.0	0.0	0.0	0.0	0.0	0.0	1225.5330609043356	0.0	0.0	0.0	0.0
TTAGGTGCAAGCCTAAACTTTAGG-1_2	532.265292919417	24.827612444016967	0.0	0.0	0.0	0.0	32.438685614077826	0.0	0.0	0.0	2.4855824223669636	3.7699987825896084	2.3228172394533018	1.9593326013213304
TTAGGTGCATAAGTCGACTTTAGG-1_2	328.98776474749985	9.989680884140377	19.656805838754394	13.488352536151801	53.04961329136922	16.38151646881513	43.128905351390635	0.0	10.780813878734715	15.515737480410444	0.0	6.987552277738722	9.404122716614932	0.0
TTAGTTGGTATTACCAACTTTAGG-1_2	203.80150441462285	0.0	11.755838555560612	0.0	365.0016654324902	10.316097322800053	0.0	0.0	0.0	0.0	0.0	0.0	0.0	0.0
TTCAACTAGTCACCTAACTTTAGG-1_2	0.0	0.0	685.8861231371304	3.2963715362991417	0.0	0.0	0.0	0.0	0.0	0.0	0.272830858773067	0.0	0.0	0.0
TTCCTCCCACTTCGATACTTTAGG-1_2	5.8830721623020334	7.085125313666842	0.0	0.0	4.827038877782327	2.59153275432924	21.5608248081679	741.3851793602488	0.0	0.0	72.18857487730264	0.0	0.0	0.0
TTCGATTAGCAGGCTAACTTTAGG-1_2	2.1507898414117177	56.685263095498286	454.6972330291845	11.245112425046337	35.17072794413923	11.959077266837477	0.0	0.8841555541617446	7.417987510883467	1.2139913589738647	0.0	0.0	34.72580868310433	0.0
TTGAACAAGTTTGAGAACTTTAGG-1_2	52.97462162390876	276.23158577966296	26.00722940914672	17.617198200640065	28.69029398885986	0.0	0.0	21.49392484349734	16.068040421781877	0.0	85.76109102292045	36.07646483885966	0.3618719229561013	0.0
TTGACATTCACAAACAACTTTAGG-1_2	157.62858297853506	106.88853015069073	7.422678474619185	0.0	209.4321353592926	2.3669618565730604	5.817348901698764	9.304102020899759	0.0	0.0	5.525419536329201	0.0	0.0	0.0
TTGAGGAGTCACACCAACTTTAGG-1_2	411.66542537799256	0.0	22.9539527674834	65.1118358556912	24.813442103997875	2.4283394724276137	41.50640180426617	3.9960421885693105	0.0	0.0	0.0	19.229470866314564	2.0096944367155802	0.0
TTGAGGAGTTGCGGCTACTTTAGG-1_2	774.0715143353615	16.03273223475471	0.0	0.0	10.729889736121208	0.0	10.017823501925152	0.6813808486762825	0.0	12.16356066850852	0.0	22.564817943912242	0.0	0.0
TTGTTGTAGTGAATCAACTTTAGG-1_2	0.0	17.952369071746908	0.0	4.616543761396144	21.0059564211187	17.573301976754568	41.767599588713026	618.2134571182152	0.0	0.0	30.401452198821044	41.00377704089449	0.0	0.0
TTTAGTCAGTTACAGAACTTTAGG-1_2	37.134097905204776	567.3695443593699	0.0	9.664529059449576	0.0	24.29948646213305	0.0	0.0	11.296895305194344	0.0	7.119519810889746	0.0	0.0	0.0
TTTCACCTCCTAAATCACTTTAGG-1_2	537.3956231182269	0.0	22.680907716969624	16.0215950245051	8.34353757088374	0.0	0.0	0.0	0.0	26.805925640634015	0.0	3.6981307095582587	0.0	0.0
TTTCACCTCGTTGCACACTTTAGG-1_2	475.2824024466844	13.084254183470927	14.296584733631304	0.0	0.0	7.992261259803626	16.448286709202435	0.0	3.4461477795207553	4.986894724366059	0.0	0.0	16.40138256025694	0.0
