	1	2	3	4	5
AAAGCGAAGCGATAACACTTTAGG-1_2	0.0	657.8796841915728	17.548266611391323	0.0	35.43549566986434
AAAGGTACAGCCCTTAACTTTAGG-1_2	0.0	722.1290370985621	2.706291934472576	0.0	0.0
AAATCACCAATCATCCACTTTAGG-1_2	45.27922989026788	390.88759157415467	22.693721902286814	41.98366919765428	28.92470508733393
AAATGAGCATTTGTTGACTTTAGG-1_2	21.31642087751094	32.071678685938814	20.800133912523954	597.4308886599175	19.680893593028696
AACCAACAGGACACGCACTTTAGG-1_2	445.8454164183826	48.3694544032149	73.53862537345564	44.89601237217567	23.370080875304005
AACCTCATCGAACCTCACTTTAGG-1_2	494.52304035028396	84.57711827186779	0.0	5.852684844708033	9.619766717787071
AACTGAGGTGCTCCAAACTTTAGG-1_2	191.56100234263258	99.44788285120602	145.76552026710388	42.650773023666275	55.686768109558834
AAGACAACAAATAGGAACTTTAGG-1_2	0.0	883.6263341157847	0.0	0.0	0.0
AAGCCTCTCAATTGGAACTTTAGG-1_2	351.01342514172603	80.04622452891188	161.7799289110584	0.0	9.549398890095992
AAGCCTGAGTTAGTTCACTTTAGG-1_2	342.06410192540335	113.78044213612473	183.73323754919014	66.11466410313895	46.18403618815902
AAGCGGCTCTAATCACACTTTAGG-1_2	25.594662184502944	119.22337199294144	526.585939625881	46.83109955034477	11.289083970705487
AAGGGAGGTGGTTACTACTTTAGG-1_2	0.0	0.0	0.0	1061.2294061327514	0.0
AAGGGAGGTTGTTCCCACTTTAGG-1_2	0.0	181.3698549772308	28.317720223957938	0.0	374.2180133593753
AAGGTTGGTATGGTCTACTTTAGG-1_2	41.74649692496574	614.552388387394	19.03152898743101	9.56061090996398	0.0
AATACTGAGGTCAAGTACTTTAGG-1_2	9.22916345760311	703.7177013325637	0.0	0.0	1.101758970606724
AATCACGCATCCTTGGACTTTAGG-1_2	0.0	0.0	838.1985737482861	0.0	0.0
AATCACGCATTTGGCTACTTTAGG-1_2	222.01343084936696	147.20139703472393	133.22536692928156	82.7642390318561	78.58870130946963
AATCGCGAGGTTGCAGACTTTAGG-1_2	0.0	37.78649406546513	473.15121241285715	3.781500740963067	0.0
ACAGCGGGTTGCGCTAACTTTAGG-1_2	560.7339376673933	0.0	54.111228468944006	15.911950039348788	30.222925436490264
ACATACTTCTGGAAACACTTTAGG-1_2	684.0691247972916	0.0	0.0	0.0	0.5247601695226284
ACCAATCGTTCACTCCACTTTAGG-1_2	8.78048846255685	738.4505873440291	16.640235265913255	19.740791990778433	29.158157071895324
ACCACGTTCGGGACTAACTTTAGG-1_2	620.6538117074421	18.89094593709304	11.563259161898152	0.0	8.68447218679884
ACCGGCTGTTTCCTCAACTTTAGG-1_2	6.579082773786357	376.60639846188434	130.32133343188195	0.0	56.15322844081339
ACCTCTAAGGTAGTTAACTTTAGG-1_2	417.64735348600715	89.57119472202145	58.14790774390536	28.084369030498447	12.169275391625842
ACGGTAAGTCAAAGGCACTTTAGG-1_2	557.2069354168249	0.0	0.0	4.775823673163646	0.0
ACTAATGAGGAAACTCACTTTAGG-1_2	0.0	520.2174853264518	16.37210133969958	11.998633141772522	1.6797126043740052
ACTACAAAGGATTATGACTTTAGG-1_2	38.94403222580335	0.0	641.0897938903624	0.5504519355189653	4.049473836297559
ACTACTAGTTTGAGCTACTTTAGG-1_2	27.881519415492715	189.40740142950793	0.0	0.0	358.6203812989146
AGAAGCAAGTCGTTCAACTTTAGG-1_2	94.89743513885252	573.3814776733874	0.0	11.743039479989017	0.0
AGAAGGTCAGGCTATAACTTTAGG-1_2	0.0	1047.8811372501616	0.0	0.0	0.0
AGACACTAGCTAGATAACTTTAGG-1_2	984.1454355718122	0.0	0.0	0.0	0.0
AGATTAGTCAACCTCAACTTTAGG-1_2	492.03947837114725	2.3689684588044413	4.083141621865198	228.38696098781517	12.600981615303159
AGCATCCTCATGGAACACTTTAGG-1_2	667.3454748798449	0.0	0.0	0.0	0.0
AGCCATTGTAATCCTAACTTTAGG-1_2	46.0999195495238	395.32915436880404	79.2822073124457	0.0	0.017483132219152073
AGCTAAATCGGGACTAACTTTAGG-1_2	0.0	17.05070002377808	612.7948098726193	0.0	4.8937295657239215
AGCTACCTCCGGATAGACTTTAGG-1_2	626.2761603002384	0.0	26.373138849839158	0.0	0.0
AGCTATGCAAATACCGACTTTAGG-1_2	549.9175817990316	15.58965429949684	27.98695108698479	21.20851021900156	5.1081058661599865
AGCTGGCAGGTGAATCACTTTAGG-1_2	569.9749750102993	42.64966140226357	31.98977828192795	13.578645447155246	26.1738771525482
AGGGACCTCAGTTAGAACTTTAGG-1_2	16.58764672379133	0.0	718.825685439449	15.058284065871945	13.009824759170245
AGGGTGGAGGCCTTCGACTTTAGG-1_2	502.27992441248927	21.835152220429773	41.78441979353588	16.309254811299073	12.890724180923257
AGTAAACGTGACACAAACTTTAGG-1_2	79.48047407540805	546.7476665601233	45.27090054536254	0.0	14.38015231084594
AGTAGGCGTACAAACGACTTTAGG-1_2	0.0	730.1474377907081	0.0	5.8006933970948005	11.449596726114386
AGTGACCCAGAATCGCACTTTAGG-1_2	40.83249714873577	103.25331440842945	452.14678133988707	7.7201378365170354	111.08081622277662
ATAACCAAGGTGAGCCACTTTAGG-1_2	0.0	588.4265561386944	68.21783463357205	0.0	0.0
ATAAGCCAGAGCAACTACTTTAGG-1_2	5.01602260064854	0.0	709.5317051896415	10.318168487017893	0.0
ATAGAAGCAGTGAGGAACTTTAGG-1_2	450.3952821631579	66.8627276913653	85.22522124607818	30.54963004995923	32.992721171549796
ATATAGCCATGGGTTAACTTTAGG-1_2	1.324091840750245	0.0	690.2652681075132	0.0	0.0
ATATCGAAGGGTTTGGACTTTAGG-1_2	244.73214074723728	127.56139194096906	102.93255134066304	70.48086562981176	114.55213641076271
ATCAGGTAGAAACTCAACTTTAGG-1_2	0.0	0.0	558.7768664873998	0.0	0.0
ATCGCGCGTTTACCGGACTTTAGG-1_2	5.603159327224937	0.0	0.0	0.0	784.1244254631686
ATCGCTCAGGAACCATACTTTAGG-1_2	265.5193411692839	7.42285642790757	14.473151299695278	452.86753610408505	7.532354254232538
ATCGGGCAGGACAACTACTTTAGG-1_2	14.13059420693612	95.97441401153456	202.15827955652875	148.73368585305195	23.26473549235085
ATGAAAGCATTTGTTGACTTTAGG-1_2	656.4349629900145	22.37210375283499	0.0	0.0	0.0
ATGAGGAAGTCTGTGCACTTTAGG-1_2	81.5674808867582	446.7763804234802	106.80110772478832	53.94431271385594	0.0
ATGGCCTTCCAAAGGTACTTTAGG-1_2	34.220930253709895	441.9314209489046	142.96358167066364	28.414605933253036	9.708630559633882
ATGTGGGTCCGCCTCTACTTTAGG-1_2	0.0	840.6243683488128	0.0	31.54383453070074	11.642063798174485
ATTATGGAGTGTTTGTACTTTAGG-1_2	548.8469326740386	0.0	16.34843980173784	0.3808750017162911	0.0
ATTCGATTCTAAATCCACTTTAGG-1_2	371.0455275908736	58.939897648371364	127.81849029191957	25.196956141690208	60.658862332595035
ATTGATGAGCAGGCTAACTTTAGG-1_2	0.0	171.0748115637739	109.09036027285012	217.197047103577	32.85286964290742
ATTTAGGAGGAAGCCCACTTTAGG-1_2	622.2686831733915	0.0	0.0	0.0	0.0
CAAGCGATCTAATCACACTTTAGG-1_2	0.0	614.2841315242281	30.497540698972454	25.91819303393872	18.62485686016425
CAATACTTCTATGCATACTTTAGG-1_2	0.0	713.1505041992028	0.0	16.5766595286473	3.5096704722516305
CACAAGCCAGGCAACTACTTTAGG-1_2	983.2093250576695	0.0	0.0	0.0	0.0
CACGTTATCCCAGACTACTTTAGG-1_2	0.0	0.0	900.1301941048703	0.0	0.0
CAGCTGGCAGTTATGGACTTTAGG-1_2	0.0	803.9774977424269	0.0	26.512843516074042	0.0
CAGGGCAGTCAATCGTACTTTAGG-1_2	93.39681606935909	442.17048195973587	13.266349752162533	70.32392204979122	21.575979278483388
CAGGTTCTCGCTCAGTACTTTAGG-1_2	0.0	653.478376428826	0.0	31.470740175308652	0.0
CAGTATTTCCTGGAAGACTTTAGG-1_2	45.31387419085923	108.84329399285605	421.8166255149985	19.710345327236166	30.19383533822801
CAGTGTGAGGTGAGAAACTTTAGG-1_2	584.7309698893898	23.77491913929033	0.0	0.0	0.0
CATCCTTTCACCTAATACTTTAGG-1_2	0.0	866.3593922018433	79.91543543079327	0.0	0.0
CATTAGCGTATTTCGAACTTTAGG-1_2	109.25280454955717	562.8227756864464	0.31092080723162646	0.0	0.0
CCAAGACCACTTCGATACTTTAGG-1_2	970.8878913518009	0.0	0.0	2.594775462382544	0.0
CCAAGTGAGCCATAAAACTTTAGG-1_2	146.7229256457998	102.31375785951742	87.79818830903805	233.31422575671365	0.0
CCACATTCAGTAATACACTTTAGG-1_2	119.42068107503987	226.6817684770314	129.2422550204642	40.72273923215618	16.37102518978453
CCACTAATCGATTCTGACTTTAGG-1_2	0.0	0.0	0.0	1321.15373691138	0.0
CCACTAATCGGGCAACACTTTAGG-1_2	0.0	0.0	568.0523301149349	0.0	8.353904846777587
CCAGGTTTCAACTTGTACTTTAGG-1_2	14.739232872004447	10.938269671373494	465.49274002982975	8.565404826193975	0.0
CCATCAGGTTGCACTGACTTTAGG-1_2	0.0	253.3760007081504	8.342803965642265	33.98476714411113	329.32758525624826
CCATTCGCATTGCCTGACTTTAGG-1_2	583.2425379694679	6.125687877876718	14.27723855706921	48.93645866236866	9.48687874567751
CCCACTTGTAAACCCTACTTTAGG-1_2	46.608733936797584	368.4989322501533	126.99425354572723	2.164060824665573	70.32476732858112
CCCTGTTGTTAGCATCACTTTAGG-1_2	345.27539416387526	57.24520306932801	108.42801103545492	15.770922352200197	24.777820912405456
CCGGTACGTTGAGTCTACTTTAGG-1_2	575.876148814721	29.91067871734832	0.0	28.06751799001699	9.39875867397422
CCTCAATCAACATAGTACTTTAGG-1_2	12.113719169757216	8.697668388360874	591.231729770919	0.0	0.0
CGACTTTCAAATCACGACTTTAGG-1_2	276.7399002624138	36.05816822718795	32.792835964567686	61.36916398439902	37.428972350186044
CGATTGACACGGTAACACTTTAGG-1_2	0.0	7.993917100887706	600.8047558861595	0.0	18.925534119855936
CGCACATTCATTGCATACTTTAGG-1_2	134.9260288984453	64.53245284339907	94.93570840199975	90.2495393572005	18.19248744748446
CGCAGCACACTAGTAGACTTTAGG-1_2	883.3117303078441	0.0	0.0	0.0	0.0
CGCGACACAAGCGAAGACTTTAGG-1_2	23.115328047898423	604.8028858746715	0.0	0.0	0.0
CGCTGGACATGTGGCGACTTTAGG-1_2	22.41610024115138	786.0105672855352	63.642577588924425	0.0	0.0
CGGAACCAGTCTAACTACTTTAGG-1_2	684.8874682004076	0.0	66.14349305107612	119.39082196262831	66.23731847519221
CGGTCAAAGGCGAGAGACTTTAGG-1_2	0.0	514.3974717525746	102.57747433475137	6.590156350246368	2.5018804291815324
CGTAATCGTGGACACGACTTTAGG-1_2	56.73868131035888	127.34317702882934	58.90710199890977	109.55718983464014	130.24032187054027
CGTAATTTCCTGGAAGACTTTAGG-1_2	675.7234692124127	0.0	0.0	0.0	0.0
CGTGTCCCATTGCATCACTTTAGG-1_2	602.5306528639551	0.0	0.0	21.915222801697233	0.0
CGTTATGTCGCCTCGAACTTTAGG-1_2	0.0	61.350654311463884	15.50361779205455	649.6156166233095	0.0
CGTTTGGGTGACCTTGACTTTAGG-1_2	73.21684272161035	46.34894535116681	466.50269682108916	0.0	9.491439339509924
CTAAGTGCATCCGCTAACTTTAGG-1_2	0.0	0.0	765.2588066038808	0.0	0.0
CTACCCACAAGTTAACACTTTAGG-1_2	0.0	0.0	0.0	1500.3072701450453	0.0
CTATCCGCAGCAATTGACTTTAGG-1_2	235.8148998436451	89.89547191395886	61.028062490565226	41.318152130626885	41.05304624251504
CTATGCTCAATGTGGCACTTTAGG-1_2	0.0	43.14419721715934	13.464588873433947	1.3470389027677554	642.6527036403087
CTATTACAGCCACTCGACTTTAGG-1_2	0.4289334824306587	1.4027575217359083	544.0123490653212	19.946101153551815	19.124821514386063
CTCAACATCCAAATAGACTTTAGG-1_2	15.310054450780177	635.9478228849981	21.19277563973232	0.0	4.793161637090383
CTCATTACAAGCTTTCACTTTAGG-1_2	0.0	504.221637663915	222.33261120373632	0.0	0.0
CTCCATCGTTTGTTGAACTTTAGG-1_2	112.39979620245371	10.076956336049959	532.6953425675142	29.197721365934704	6.75278118519354
CTGATCCAGCACGTTCACTTTAGG-1_2	624.0022476236895	62.13100885069484	1.8106223158845633	0.0	21.710587712620733
CTGCAACTCAGGGATTACTTTAGG-1_2	16.446936799914592	7.791139215419168	618.1990533649101	0.0	0.0
CTGGTTATCTCTCGCCACTTTAGG-1_2	45.974204324440166	410.00975159876106	23.78404157699306	37.366813428711275	5.898386146093235
CTGTTTACACCATCCAACTTTAGG-1_2	10.317676136925128	746.0645711599336	16.00433070773154	75.19718565221172	0.0
CTTCAATAGGTAAGCTACTTTAGG-1_2	0.0	807.6801365564737	0.0	0.0	229.22394396639066
CTTGCTGCACATGAATACTTTAGG-1_2	17.665430885934484	30.90400079466319	0.0	778.6052062486696	20.08507034861563
CTTTAACAGGGTTTCCACTTTAGG-1_2	2.134749358695387	320.66312330719296	222.0684638999071	0.0	59.18631011660416
CTTTAACAGTCGAAGTACTTTAGG-1_2	496.45842717818465	24.226296893196746	48.59666655767762	11.650224862068725	9.389602814453639
CTTTCGTTCGCAACGAACTTTAGG-1_2	52.045952276822156	636.6321144722116	0.0	4.558857493652431	0.0
GAACAATGTCAGGATAACTTTAGG-1_2	6.6315898631447014	0.0	26.01116039116031	0.0	655.0692828494136
GAAGAATAGCTTAAAGACTTTAGG-1_2	654.7660280711865	0.0	0.0	0.0	17.472664324786304
GAAGTATGTGCGGCTTACTTTAGG-1_2	556.6196270030107	35.16221724284037	36.78764591722094	3.5059245372303156	0.0
GAATGACTCTGGTCTAACTTTAGG-1_2	5.7634276857432765	80.16112086922148	0.0	518.5285008405393	31.93031601327394
GAATGCGTCAATTTGCACTTTAGG-1_2	684.8694892359968	0.0	2.0953678384114363	0.0	0.0
GACAGGGAGGAAGCAAACTTTAGG-1_2	185.59095564576845	19.43136431753808	21.615551963239547	175.78757844323903	3.6978443167646002
GACCGTGCAACTAAGTACTTTAGG-1_2	499.55553877245376	14.26969453615091	0.8293213846874307	0.41846218573147775	32.36702716061566
GACTAAATCTGGTCTAACTTTAGG-1_2	704.8861278987661	19.138060660960043	2.8258877306415044	0.0	9.593134177704252
GACTCAACAGATTGCAACTTTAGG-1_2	20.247937614849093	484.4711305646803	31.443191077463755	30.748112619878988	0.0
GACTTACGTCATTATGACTTTAGG-1_2	454.6011506411471	0.0	77.90764498522003	16.499632070201073	21.8417520652336
GACTTACGTTAACGAGACTTTAGG-1_2	107.33524161584793	27.67859258168253	16.405895139584313	102.66234312190082	45.411014970873
GAGCAAGCACCATCATACTTTAGG-1_2	4.3842699173795765	3.0520891328070126	0.3608444901039701	864.5847609128092	2.3285653082995874
GAGCTATAGCGCTCCAACTTTAGG-1_2	152.93064892451184	259.88853537195257	0.0	267.0501020243057	23.55891581347235
GAGGAGTAGCAATCGGACTTTAGG-1_2	0.0	0.0	0.0	0.0	900.9038449127813
GATATGATCCTGTTCTACTTTAGG-1_2	51.34047525689504	667.3114347432227	0.0	0.0	0.0
GATCACACACCAACAAACTTTAGG-1_2	588.9151850432738	54.88054106137935	107.47323384000079	59.716474047411204	63.81077645424753
GATGGTAGTGAACGACACTTTAGG-1_2	422.104674814076	48.25212153120522	93.14747774121123	0.0	16.49483211384377
GATTAGTCAACAGAGGACTTTAGG-1_2	97.93653826853132	88.40176992654445	272.75392223875315	0.0	22.067979733293914
GCAAATTCAACCGGATACTTTAGG-1_2	0.0	636.3078487481489	11.325332054708111	20.117500645914582	13.919407201697858
GCAGCAATCTTGATCGACTTTAGG-1_2	0.0	687.4596667014292	27.349187275926536	6.102557301528988	0.0
GCAGGCTAGGCGATATACTTTAGG-1_2	115.42819800770641	0.0	404.3430605512311	1.3499567827908108	17.130040747027326
GCATTTGTCGGTTCCGACTTTAGG-1_2	110.59922319027108	68.49910324812613	330.59701235391793	0.0	76.71425482776046
GCGAGCTAGTTTGCATACTTTAGG-1_2	615.2628846534884	21.51400612637785	0.0	10.12955437674633	0.0
GCGTTACTCCCGCTGAACTTTAGG-1_2	531.8005667171014	2.6268482458625213	0.0	30.68779088145374	0.8418851398162004
GCTAACTGTGCTTCGAACTTTAGG-1_2	0.0	0.0	653.7795547930011	0.0	5.483106614710425
GCTCACCCATCATGTCACTTTAGG-1_2	548.2983178124906	0.0	0.0	15.579643448917063	20.48304750251737
GCTCACTAGGTATAGCACTTTAGG-1_2	0.0	583.9084418348615	13.395406687542094	62.52064642245929	0.0
GCTCCATAGCCTGCCAACTTTAGG-1_2	0.0	614.8815786983317	32.20232883926131	0.0	0.0
GCTGGATCACCACACCACTTTAGG-1_2	406.89920403424117	175.33528648950085	113.73334091544746	54.12000306163594	47.91112174665232
GCTTACATCGTCAATTACTTTAGG-1_2	564.7925485855831	28.486380635353964	16.786069119251223	0.0	18.289057436200075
GCTTGATGTTTACGACACTTTAGG-1_2	541.2493417475424	99.65807674450187	45.10755371503787	0.0	0.0
GGAACCGGTATAGTGGACTTTAGG-1_2	588.7917814041833	0.0	0.0	0.0	2.6877611426339345
GGAAGCCTCGTCCCGAACTTTAGG-1_2	143.39450043973247	17.639600580541558	528.4011976753917	0.0	0.0
GGATTGCCAGAATCGCACTTTAGG-1_2	29.28694759535244	824.5741538152071	0.0	0.0	0.0
GGCAATCCAAATAAGGACTTTAGG-1_2	0.0	552.8435473139748	0.0	0.0	5.686753642896485
GGCATGATCGACTTTGACTTTAGG-1_2	44.18646660202254	5.482924506557179	474.8141075677114	0.0	0.0
GGCATTTGTAATGCCTACTTTAGG-1_2	202.44008600633916	45.04568868940134	294.9953096564667	0.0	0.0
GGCCTTTAGCAGGTTGACTTTAGG-1_2	843.5507129485952	0.0	0.0	0.0	0.0
GGCGAATGTAAACCCTACTTTAGG-1_2	32.819183879236576	636.3194701988875	11.35363729952772	13.930668398834044	0.0
GGCTGATCAATTGAGTACTTTAGG-1_2	1.0190825508447476	521.3289864189513	30.595074233397813	33.046645397423376	27.18600398324068
GGCTGATCACCTACTGACTTTAGG-1_2	66.68507880194957	63.33646003544023	4.56803647732721	783.1321913715153	15.347424924071792
GGCTTAGAGGTTAGGTACTTTAGG-1_2	277.89218185255083	132.80796008017535	114.08517425412902	74.55852221707441	71.12668936946969
GGGATGGAGATAGCTAACTTTAGG-1_2	632.5317438040292	18.169023919061747	14.317155089251008	0.0	0.3807611654467382
GGTGTGATCCTAAGTTACTTTAGG-1_2	49.87405743772954	565.2682820271226	0.0	0.0	14.76521626451523
GGTGTTTGTACGAATGACTTTAGG-1_2	293.26147532225593	27.08482959916343	48.75441011354542	0.0	301.26710409921225
GGTTACCTCGGCTAAGACTTTAGG-1_2	0.0	829.9347213682362	0.0	10.931460151039266	0.0
GGTTGACCAATAGAAGACTTTAGG-1_2	8.718091748515613	721.4739308816125	0.0	18.398961267346124	0.0
GTAACCTGTAACGTGAACTTTAGG-1_2	697.2508542971493	0.0	1.2855613403033463	1.8806974085555392	0.0
GTACCTATCCTTGTTCACTTTAGG-1_2	32.43049614091486	497.06943955994393	0.0	0.0	0.0
GTTAGCGAGCTAAATGACTTTAGG-1_2	0.0	0.0	572.1270768412273	0.0	0.0
GTTCCATCAGCTCGCTACTTTAGG-1_2	0.0	4.2647143794093045	568.2671482821046	0.5504375345238736	0.0
GTTGGATAGGGCGGTTACTTTAGG-1_2	626.1094584679041	7.766199728510422	122.91038906038983	31.242604474544923	9.00104662294528
GTTGTTGTCGATTAAGACTTTAGG-1_2	521.7650096081708	30.64168855864978	44.96991425755339	9.671451034401066	2.766516151082788
GTTTGGGAGCAAATTGACTTTAGG-1_2	10.300147612596371	59.23607776876336	40.24764742902954	135.1327025457768	6.611510300557162
GTTTGTCCATTGCCCAACTTTAGG-1_2	0.0	0.0	845.6136401174494	0.0	0.0
TAACCAAAGCATCTATACTTTAGG-1_2	580.3886055261402	24.297422532502992	0.0	18.443469751105557	8.311726884233003
TAACGTTTCAGCATGGACTTTAGG-1_2	5.240269549094715	9.459285689471743	61.665010916050576	525.2709985128196	3.9840298435568524
TAAGGTTCAGCAATTGACTTTAGG-1_2	0.0	592.4970479153936	0.0	21.057720494607416	0.0
TACCAGCTCATAATGGACTTTAGG-1_2	0.0	6.967794162993569	621.7019767938098	11.366860235336476	15.109579492906228
TACCCGGTCTGTGACCACTTTAGG-1_2	0.0	0.0	643.915311846405	0.0	0.0
TACCTGCAGACAGACTACTTTAGG-1_2	158.82418069405443	0.0	449.6856353236407	25.314123761115965	21.605273412284625
TACCTTTGTTAACCACACTTTAGG-1_2	445.6310451193705	0.0	25.960088956983174	17.435841146243476	12.30492828260717
TACTCACCATCACGAAACTTTAGG-1_2	29.937976640622722	53.756177688238616	541.8089609220868	23.668873445707842	0.0
TAGTCTCCAAGCGATCACTTTAGG-1_2	96.62019156463086	366.10825225208185	0.0	84.4736746569252	25.357043413747455
TAGTTGTTCCGGATAGACTTTAGG-1_2	0.0	0.0	0.0	0.0	782.3145131171146
TATACCTAGAAACCCGACTTTAGG-1_2	85.73027540022335	0.0	515.7954714688834	14.933604023635855	22.958906256509376
TATATCCAGGCTTAAAACTTTAGG-1_2	0.0	920.0534570899363	0.0	0.0	0.0
TATCGCTCACCACAAAACTTTAGG-1_2	505.1828561421813	22.213777025571236	122.29769917271406	0.1954444612798673	4.3283746030914765
TATGACTTCATCCAGCACTTTAGG-1_2	89.41800124388924	163.07241225050674	218.93769740985877	15.265491787162464	8.426756010997012
TATGTCCCATGAGCTAACTTTAGG-1_2	0.0	0.0	0.0	1143.6671566705743	0.0
TATTGCCCAAGTTGCAACTTTAGG-1_2	0.0	668.4319831157957	0.0	16.939458864508428	38.771598736970816
TCAACTAGTGCATCGCACTTTAGG-1_2	55.982947295990144	55.978986732857415	30.05512977647167	478.12339940546195	14.26332515270868
TCAATGGCATTTGCTAACTTTAGG-1_2	70.93153831358558	45.44085998385271	39.42350187936071	294.74190963338964	0.0
TCACTCGCACCTACTGACTTTAGG-1_2	612.6886902380764	0.0	0.0	0.0	0.0
TCATGAAAGCTCAAGGACTTTAGG-1_2	17.395487427737834	25.090800301365718	15.491059159516197	846.3352917826962	0.0
TCCAAGTGTAATGCGAACTTTAGG-1_2	0.0	0.0	0.0	0.0	971.2288317480636
TCCATTACATAAGCTGACTTTAGG-1_2	0.0	35.6514130111414	24.914884465493056	806.7497449731907	0.0
TCCTTCTAGTTGACGGACTTTAGG-1_2	54.64137376094537	13.226504486660492	0.0	734.7715622193681	29.123171106051554
TCGCGCTCATAATGACACTTTAGG-1_2	0.0	942.832122810408	54.79140191135131	0.0	6.312976763755882
TCTAACAGTTTCAGGTACTTTAGG-1_2	513.8511106993233	29.478523808128646	52.66451585193596	19.69397837828568	1.664707649175084
TCTCGCCTCCTTTGGAACTTTAGG-1_2	737.3484029892164	0.0	0.0	0.0	0.0
TGAACCTGTGTTAGCTACTTTAGG-1_2	10.850286152150282	399.3873080922239	75.53763576555865	36.98421274179445	29.333330851045414
TGAAGGAAGGTTATGAACTTTAGG-1_2	0.0	0.0	0.0	1189.6282162660711	0.0
TGATTTGGTATTGCGTACTTTAGG-1_2	100.62105726007036	45.970805747861476	470.6557202956213	29.547953169480813	13.759635216587965
TGATTTGGTTTGTCCCACTTTAGG-1_2	409.7048298326553	118.07916487846525	119.06109316948775	0.16550506859840783	3.980024783438139
TGCCGGTGTACGTAAGACTTTAGG-1_2	0.0	0.0	0.0	982.8573225962157	0.0
TGCGCTAGTAAACCCTACTTTAGG-1_2	456.4796908751088	131.09840638931365	40.08489489301331	6.092562161477459	3.0420583725437997
TGCGCTAGTAACTACCACTTTAGG-1_2	216.20594856455995	93.73709819096602	126.43497468884912	0.0	2.3802648076554505
TGCGCTTAGGTCTTGCACTTTAGG-1_2	381.0632160630517	129.9230708771424	90.40660182487532	45.72249981008323	12.45194689788533
TGCGGAATCCTAAGTTACTTTAGG-1_2	11.048780271254516	8.231017443270328	15.677404946621754	43.764204256701554	669.5811011945037
TGCTTAAGTTCGAATCACTTTAGG-1_2	0.0	665.6659631137111	15.805952492057504	8.645215912249215	0.0
TGGAAACTCGAAGTTAACTTTAGG-1_2	85.43075999603586	548.5420500091209	0.0	0.0	0.0
TGGATCGAGCAAAGCTACTTTAGG-1_2	337.2445256450909	27.174503532008064	0.0	237.9042426769288	20.32486936196002
TGGCGTGCATATAGGTACTTTAGG-1_2	64.12336241471559	273.6992771912606	57.31658438493215	151.25716758209163	53.377708560639505
TGGGTTTGTAGGTTTCACTTTAGG-1_2	1.0968552171089334	0.0	664.9989070915574	0.0	31.499247034250505
TGGTCAACAAGTTGCAACTTTAGG-1_2	729.5119437968574	0.0	0.0	9.77331766081051	1.765447573155213
TGGTTAAAGTAGCGCAACTTTAGG-1_2	42.479601029230395	11.410888073022395	566.3696158294985	0.0	0.0
TGTGCTGGTACTAACCACTTTAGG-1_2	0.0	37.62670281402663	0.0	1109.3432476205942	3.6714809189746194
TGTTAGTTCAGGCTGAACTTTAGG-1_2	347.8301962160799	147.76610834750727	142.64385859349113	39.15296006369322	37.291707984084276
TGTTCCTTCGTCCCGAACTTTAGG-1_2	0.0	0.0	781.3301376138662	0.0	0.0
TGTTCTTGTTATGTGCACTTTAGG-1_2	715.4355143019326	0.0	0.0	0.0	0.0
TTAGAGCAGAATGGGAACTTTAGG-1_2	0.0	668.337352344686	40.29411686986097	0.0	39.2013916296558
TTAGCGGAGGTGAATCACTTTAGG-1_2	126.10721258148094	697.5802508886953	15.608009117119895	105.10851640566653	0.0
TTAGGTGCAAGCCTAAACTTTAGG-1_2	594.2433836172695	13.788094678935199	0.0	0.0	0.0
TTAGGTGCATAAGTCGACTTTAGG-1_2	404.1587879634965	39.227391912213065	35.15448368541164	21.663711607201986	20.79969110841752
TTAGTTGGTATTACCAACTTTAGG-1_2	365.6928768659283	39.54126252170476	79.4395773905317	0.0	33.78667423392687
TTCAACTAGTCACCTAACTTTAGG-1_2	0.0	0.0	715.5678238620587	0.0	0.0
TTCCTCCCACTTCGATACTTTAGG-1_2	20.739189907478508	55.062362504314166	37.11225900019429	623.1822961231053	8.77045311300109
TTCGATTAGCAGGCTAACTTTAGG-1_2	3.035416530457679	79.00584749467444	503.52286355390623	10.433671352496662	14.335574665680557
TTGAACAAGTTTGAGAACTTTAGG-1_2	60.60311543947817	307.99263357060164	32.62430513285323	170.46058707112982	0.0
TTGACATTCACAAACAACTTTAGG-1_2	257.5803932236879	137.03745968813496	45.91080686715703	18.883579632698634	13.556899263080716
TTGAGGAGTCACACCAACTTTAGG-1_2	487.8076037783764	58.25538138036482	29.956283154099307	8.792643409691246	3.694386139079691
TTGAGGAGTTGCGGCTACTTTAGG-1_2	854.1745838684976	7.081069417379182	0.0	0.0	0.0
TTGTTGTAGTGAATCAACTTTAGG-1_2	5.494410652516501	70.7029169171419	35.067769427598776	567.3440441904113	29.1240986335695
TTTAGTCAGTTACAGAACTTTAGG-1_2	23.067104043794835	598.9005972748033	0.0	7.590593119920656	26.679195169397705
TTTCACCTCCTAAATCACTTTAGG-1_2	594.2567282371828	0.0	22.767352823860083	0.0	0.0
TTTCACCTCGTTGCACACTTTAGG-1_2	523.7255667638005	9.167554866647647	16.404315453454803	0.0	6.788090865398776
