	1	2	3	4	5	6	7	8	9
AAAGCGAAGCGATAACACTTTAGG-1_2	0.0	622.4853568332632	16.891568489437855	33.9425748610282	4.191458980025099	0.0	11.193338426590108	15.42236068883147	0.0
AAAGGTACAGCCCTTAACTTTAGG-1_2	0.0	701.831985572763	7.124936350188847	0.0	0.0	0.20430862068136763	0.0	0.0	0.0
AAATCACCAATCATCCACTTTAGG-1_2	35.39845597445742	357.26626697773867	15.886447395891217	26.62357828872495	5.810470015055137	50.196393456778175	16.618613923451218	28.14516788672785	0.0
AAATGAGCATTTGTTGACTTTAGG-1_2	0.0	0.0	0.0	9.613124069784435	0.0	754.7439229647953	12.950515965492247	14.673912379645637	15.331712445270561
AACCAACAGGACACGCACTTTAGG-1_2	387.4542226928873	22.568485976672218	61.621118988685225	21.485965099628025	14.183518465936963	36.23410097823196	40.954336519432026	56.052013946397565	0.0
AACCTCATCGAACCTCACTTTAGG-1_2	458.9403312737812	68.97078792521464	0.0	10.388781266678357	0.0	19.193903270969365	0.0	34.69560506050069	0.0
AACTGAGGTGCTCCAAACTTTAGG-1_2	71.7285640222076	0.0	80.72679679894347	36.909889917325316	0.006019945912972242	0.0	35.76989662714692	385.76533206164135	0.0
AAGACAACAAATAGGAACTTTAGG-1_2	0.0	861.2290683079681	0.0	0.0	0.0	4.278802027978167	0.0	0.0	0.0
AAGCCTCTCAATTGGAACTTTAGG-1_2	325.57417874449834	69.31784718473708	156.70099231218902	10.472640112338976	0.0	0.0	4.226979298425475	25.339550518163033	4.032306863308099
AAGCCTGAGTTAGTTCACTTTAGG-1_2	0.0	0.0	20.712812361345183	0.0	0.0	5.060504613879746	979.5846103742393	0.0	0.0
AAGCGGCTCTAATCACACTTTAGG-1_2	29.31081242000643	114.0475319210583	510.05373097451167	12.579207563726383	37.11198199402076	20.259328903027686	0.0	1.0658930607463815	0.0
AAGGGAGGTGGTTACTACTTTAGG-1_2	0.0	0.0	0.0	0.0	582.2821116933069	262.0481360110836	0.0	0.0	184.00208760965666
AAGGGAGGTTGTTCCCACTTTAGG-1_2	0.0	172.9737311505353	26.875170993299584	360.44162430944397	0.0	0.0	20.910305219260607	0.0	0.0
AAGGTTGGTATGGTCTACTTTAGG-1_2	22.975104350295357	559.575364770334	11.862034776243982	0.0	0.7616343336306987	11.274433463336441	40.99409561306488	48.51745558497669	0.0
AATACTGAGGTCAAGTACTTTAGG-1_2	20.786788369870205	685.5096927669829	0.0	1.3062415665223046	0.0	0.0	0.0	0.0	0.0
AATCACGCATCCTTGGACTTTAGG-1_2	0.0	0.0	816.8542964720205	0.0	0.0	2.8825110596771033	0.0	0.0	0.0
AATCACGCATTTGGCTACTTTAGG-1_2	8.070182257302584	80.60641023853962	58.055951192552044	34.4068801304948	16.727141452188498	30.163388388999824	522.8551144567928	13.795962987066883	0.0
AATCGCGAGGTTGCAGACTTTAGG-1_2	0.027288724498527515	38.07565839432931	458.69306361114275	0.0	0.0	14.63811596010758	0.0	0.0	3.545106185024102
ACAGCGGGTTGCGCTAACTTTAGG-1_2	505.5478141016009	0.0	47.631338111104036	27.76589802723923	6.272168044917948	5.238171376564583	42.56927714874871	20.866505750103936	3.9518638910986796
ACATACTTCTGGAAACACTTTAGG-1_2	651.5953451500282	0.0	0.0	5.826907043421847	1.081595657348258	0.0	0.0	0.06697771804029012	0.0
ACCAATCGTTCACTCCACTTTAGG-1_2	1.3067180548386328	702.7111094193485	11.182651913941699	25.606261518809404	9.456580414685822	26.7222865816717	35.13179287056147	4.996055783497792	0.0
ACCACGTTCGGGACTAACTTTAGG-1_2	584.439812568808	21.972968728112576	14.29156060818376	11.15769197796336	0.0	8.356170356695275	0.0	6.376823703826469	0.0
ACCGGCTGTTTCCTCAACTTTAGG-1_2	7.234633291314933	359.1367081741039	126.71672256908546	54.93949340259888	10.134991312051223	0.0	0.05207429481557149	9.433531911759621	0.0
ACCTCTAAGGTAGTTAACTTTAGG-1_2	380.70123151326567	74.70605704368639	54.530308329187385	13.513202955258208	16.061859399350915	4.309067424897592	16.224039331431875	27.596065991369965	12.606403503373238
ACGGTAAGTCAAAGGCACTTTAGG-1_2	525.6450921203091	0.0	0.0	0.0	0.0	0.0	0.0	28.539943540290288	8.45369205843641
ACTAATGAGGAAACTCACTTTAGG-1_2	0.0	493.664238960671	8.40873618163926	0.0	14.203089920803452	0.5864210145616482	40.459391127341	0.0	0.0
ACTACAAAGGATTATGACTTTAGG-1_2	36.66159386645061	0.0	615.3401421786363	3.1617191166289325	1.4069204395718418	1.9396400784880083	9.429214884794275	15.601282257141753	0.0
ACTACTAGTTTGAGCTACTTTAGG-1_2	35.48847853041678	182.8267299968804	0.0	348.06045440084574	0.30110877997445074	0.0	0.0	1.6243884023948731	0.0
AGAAGCAAGTCGTTCAACTTTAGG-1_2	93.36200711170743	553.6853673486659	0.0	0.0	3.9490037846970627	4.353505809398172	11.287678024319487	0.9900290666967624	5.04893739292707
AGAAGGTCAGGCTATAACTTTAGG-1_2	0.0	1019.1138976973943	0.0	0.0	4.248778947848959	0.0	0.0	0.0	0.0
AGACACTAGCTAGATAACTTTAGG-1_2	945.1574346755368	0.0	0.0	0.0	0.0	0.0	0.0	0.0	0.0
AGATTAGTCAACCTCAACTTTAGG-1_2	437.3232373045754	0.0	0.0	10.245381232651983	82.13493635404424	113.78062952115235	54.76642709013041	0.0	43.395588589564575
AGCATCCTCATGGAACACTTTAGG-1_2	637.7021431096007	0.0	0.0	0.0	0.0	0.0	0.0	0.0	0.0
AGCCATTGTAATCCTAACTTTAGG-1_2	41.82064042654663	372.8135273660233	75.20191656506253	0.4620527122275479	0.0	0.0	6.087982140005366	18.815190382936322	0.0
AGCTAAATCGGGACTAACTTTAGG-1_2	0.0	21.323635114093616	596.0313022187648	5.731144130077378	4.313547995215561	0.0	0.0	0.0	1.8213587338679806
AGCTACCTCCGGATAGACTTTAGG-1_2	591.4978773477305	0.0	29.0305184171815	0.0	0.0	0.0	0.0	11.260504620129133	6.297071346890871
AGCTATGCAAATACCGACTTTAGG-1_2	515.3912503056758	16.94496223993768	28.041968179573306	7.0674874825378815	14.666049904773185	1.7317844895481358	3.3976488179959636	10.78154964682162	9.034300805779088
AGCTGGCAGGTGAATCACTTTAGG-1_2	521.4828576403726	23.44701980756376	31.903562977350727	26.6206483162503	5.3722170745757705	19.80520065068241	5.944433861020035	47.05734761114121	0.0
AGGGACCTCAGTTAGAACTTTAGG-1_2	15.000298958244398	0.0	690.8291670243558	11.922160194143416	0.0	16.206787589303417	5.174979794161143	9.764997804452674	15.6009311967384
AGGGTGGAGGCCTTCGACTTTAGG-1_2	458.065193101375	27.62772267316018	37.580545167704145	13.007813456319358	0.3577028650121049	12.859733238982107	34.978477012966344	0.0	8.006103863025174
AGTAAACGTGACACAAACTTTAGG-1_2	68.79035567547507	508.8452878933812	39.48363052263242	12.39475443481509	0.0	17.97561178860875	12.878628345801845	31.049792310893828	0.0
AGTAGGCGTACAAACGACTTTAGG-1_2	0.0	696.1203421512026	0.0	7.270202151394715	3.4943261391421854	3.305848306296894	44.970744913779804	0.0	0.24159236876560128
AGTGACCCAGAATCGCACTTTAGG-1_2	40.23944228483774	83.94790635792954	437.7189282068428	108.2344058864723	27.390209106864965	0.0	0.0	24.53604531967395	0.0
ATAACCAAGGTGAGCCACTTTAGG-1_2	0.0	575.5417612355766	64.74012639687217	0.0	0.0	10.884013462389772	3.6460064005493114	0.0	0.0
ATAAGCCAGAGCAACTACTTTAGG-1_2	0.0	0.0	675.7502257715903	0.0	0.0	0.0	0.0	47.674443839792474	17.186134444214293
ATAGAAGCAGTGAGGAACTTTAGG-1_2	390.15018430498253	49.32562841513981	75.22322757949087	30.003383992726445	18.65571197261381	9.618328739568472	57.811839613178606	36.085544031366496	1.8521538091386798
ATATAGCCATGGGTTAACTTTAGG-1_2	4.274790246281289	0.0	670.6709357904449	0.0	0.0	0.0	6.467971065899669	0.0	0.0
ATATCGAAGGGTTTGGACTTTAGG-1_2	0.0	48.86246080417331	4.685929831011392	50.95166873797742	3.073830359888751	7.405638767196025	687.9839534323299	0.0	2.9817012992793117
ATCAGGTAGAAACTCAACTTTAGG-1_2	0.0	0.0	533.1317310349557	0.0	0.0	0.0	36.5273537704492	0.0	0.0
ATCGCGCGTTTACCGGACTTTAGG-1_2	7.688166138800914	0.0	0.0	757.2279991411125	0.0	0.0	15.055505866859189	0.0	0.0
ATCGCTCAGGAACCATACTTTAGG-1_2	212.88195035702734	3.6332942877008385	11.825572689555143	7.506699419798167	442.01612429493406	0.9123898941378926	48.91053060745693	6.060264875980439	0.0
ATCGGGCAGGACAACTACTTTAGG-1_2	6.821782959250286	93.58086280223293	184.6202491220024	18.301175333502883	36.770508636999615	98.68542052534386	25.92570137380638	0.0	24.869295253114085
ATGAAAGCATTTGTTGACTTTAGG-1_2	623.1205137538769	29.028747557472453	0.0	0.0	0.0	0.8547280808735738	0.0	0.0	12.65748650637251
ATGAGGAAGTCTGTGCACTTTAGG-1_2	71.45423262899479	407.47911611418886	100.0395088131693	0.0	37.88908606026823	6.056308262061211	3.2965040690524874	49.78903546339088	7.068620592391534
ATGGCCTTCCAAAGGTACTTTAGG-1_2	20.48918058883713	424.45479566942504	133.0674615011409	6.616428442360535	3.9994600497641595	18.999464655997315	41.51493202558492	0.0	12.509973938410505
ATGTGGGTCCGCCTCTACTTTAGG-1_2	0.0	812.1285508559151	0.0	7.532670021637029	23.787445331477628	32.39120381903709	23.875844323	0.0	0.0
ATTATGGAGTGTTTGTACTTTAGG-1_2	505.6492787146711	0.0	15.199856830310258	0.0	0.0	13.032957828662157	26.239778351099478	0.0	0.0
ATTCGATTCTAAATCCACTTTAGG-1_2	53.99778252483652	0.0	36.13357921630532	7.757613189343489	0.0	0.0	705.4132933209071	0.0	0.0
ATTGATGAGCAGGCTAACTTTAGG-1_2	0.0	0.0	43.91884125512814	12.78473986749969	99.11744031182597	79.63353568262295	31.539251389001258	337.0901028866389	0.0
ATTTAGGAGGAAGCCCACTTTAGG-1_2	590.4636294481402	4.845295850878106	3.7248341993339955	0.0	4.475961377369346	0.0	0.0	0.0	0.0
CAAGCGATCTAATCACACTTTAGG-1_2	0.0	595.9660098086433	28.99641941872975	18.017969680248143	0.0	31.696503545772924	1.192821115413333	0.0	9.982360501178103
CAATACTTCTATGCATACTTTAGG-1_2	0.0	676.864142032442	0.0	1.8043823632917497	19.83091365439272	0.0	20.31239021843001	11.893279220852351	0.42940578618152125
CACAAGCCAGGCAACTACTTTAGG-1_2	945.9175308161005	0.0	0.0	0.0	0.0	0.0	0.0	0.0	0.0
CACGTTATCCCAGACTACTTTAGG-1_2	0.0	0.0	867.5191855383067	0.0	0.0	0.0	0.0	27.736373099100582	0.0
CAGCTGGCAGTTATGGACTTTAGG-1_2	0.0	780.5009602039821	0.0	0.0	29.17990289757072	16.011657851843378	0.0	0.0	0.0
CAGGGCAGTCAATCGTACTTTAGG-1_2	11.580154832784972	223.51178582644866	0.0	10.718163611939818	18.286218857914204	16.211810644746038	29.037329658236903	382.67227647503483	0.0
CAGGTTCTCGCTCAGTACTTTAGG-1_2	0.0	625.9603277773795	0.0	0.0	13.730093180696626	8.384925536232876	0.0	11.903065950879274	12.750155882927894
CAGTATTTCCTGGAAGACTTTAGG-1_2	30.055157447363886	70.36704190337062	397.6892602065557	27.652203335430876	0.0	47.14409526403568	4.8929283322237715	63.11997627638436	0.0
CAGTGTGAGGTGAGAAACTTTAGG-1_2	520.0814719156252	22.77965283850441	0.0	0.0	0.0	0.0	67.2418082424494	0.0	0.0
CATCCTTTCACCTAATACTTTAGG-1_2	0.0	848.2725441422562	82.44469436095407	0.0	0.0	0.0	0.0	0.0	0.0
CATTAGCGTATTTCGAACTTTAGG-1_2	108.23996970254984	536.5130699895049	3.099206836888379	0.0	0.038351842445288574	0.0	0.0	15.911567081747584	0.0
CCAAGACCACTTCGATACTTTAGG-1_2	926.0280459975584	0.0	0.0	0.0	19.073933431137018	0.0	0.0	0.0	4.86252191733832
CCAAGTGAGCCATAAAACTTTAGG-1_2	117.8873998505326	83.3313342671091	78.4992491439521	0.0	132.65140369945638	47.86217636613423	34.97599465170844	25.013102122643208	44.4493911857545
CCACATTCAGTAATACACTTTAGG-1_2	109.3398238266889	206.72731268085516	122.94802640855484	15.847339312928863	8.483001842221835	20.31467126333512	6.048673677289795	25.289676847669185	14.583809210432113
CCACTAATCGATTCTGACTTTAGG-1_2	0.0	0.0	0.0	0.0	1354.7310107911032	0.0	0.0	0.0	0.0
CCACTAATCGGGCAACACTTTAGG-1_2	0.0	0.0	548.5280966594711	7.886452725408604	5.164951183819362	0.0	6.227437473100727	6.695763569389666	1.1784890847878962
CCAGGTTTCAACTTGTACTTTAGG-1_2	11.554272811657558	0.977837138002487	449.1043124052057	0.0	0.0	0.0	1.0772926598135653	23.757190182087108	12.221111740377472
CCATCAGGTTGCACTGACTTTAGG-1_2	0.0	233.1137608224718	8.478793420484653	317.5576595542312	34.168029199907316	0.0	4.194407630555403	20.91448746886452	2.295797481187429
CCATTCGCATTGCCTGACTTTAGG-1_2	521.1661601672268	0.0	6.663740120014898	7.486713165601598	8.631744063625447	41.21816032783402	57.50250522250337	13.34861105339593	9.541650734169872
CCCACTTGTAAACCCTACTTTAGG-1_2	46.90425378102803	347.99940779642407	124.5809674358884	69.49885860710305	10.196346277826116	0.0	0.0	13.856949405323379	0.0
CCCTGTTGTTAGCATCACTTTAGG-1_2	297.1631051766837	5.648456102804471	94.20253939523707	23.005173693939234	0.0	2.4632883673961854	0.0	129.6929193017099	8.345475191485896
CCGGTACGTTGAGTCTACTTTAGG-1_2	534.3460354558838	38.88237629247034	0.0	10.657447814110887	0.0	16.859822999366845	21.403024300006198	0.0	22.331333957393372
CCTCAATCAACATAGTACTTTAGG-1_2	5.035220084431907	8.95136132325583	569.6055714351479	0.0	5.268192715459693	1.0281145756422068	20.48274718210022	0.0	0.0
CGACTTTCAAATCACGACTTTAGG-1_2	236.71203044853414	25.71983634225279	25.23173064458507	33.26672778875443	27.078772184436886	13.934587901911941	48.13766471492276	20.890328703970916	15.09475420047608
CGATTGACACGGTAACACTTTAGG-1_2	0.0	11.513304574554791	579.5716843257485	17.537052106517322	0.0	0.0	13.374356369652467	0.0	0.0
CGCACATTCATTGCATACTTTAGG-1_2	72.10662101780659	52.82021273490883	66.35808775295827	8.268187999308578	16.923586892740715	73.20250947780636	141.03705581890955	0.0	1.564144478488982
CGCAGCACACTAGTAGACTTTAGG-1_2	855.678311530098	0.0	0.0	0.0	0.0	0.0	0.0	0.0	0.0
CGCGACACAAGCGAAGACTTTAGG-1_2	18.380540834586448	548.9903296500207	0.0	0.0	0.0	0.0	0.0	60.887518936254786	0.0
CGCTGGACATGTGGCGACTTTAGG-1_2	30.992839513181597	744.6580601723075	61.281845907852414	0.0	0.0	13.82690358431841	0.0	22.774753335155737	0.0
CGGAACCAGTCTAACTACTTTAGG-1_2	0.7507710270625736	0.0	0.0	0.0	0.0	0.0	1340.3999615605212	0.0	15.995638352694588
CGGTCAAAGGCGAGAGACTTTAGG-1_2	0.0	478.4046404524492	93.98452712214912	1.0607267734553345	0.0	31.650244813313734	5.533895436767753	22.44999389851302	0.0
CGTAATCGTGGACACGACTTTAGG-1_2	37.140415277187586	121.13161278417478	48.61803116480784	116.94551656889143	29.239819510149456	22.77696998141057	59.504841771873835	0.0	46.786032966889174
CGTAATTTCCTGGAAGACTTTAGG-1_2	644.3670215072062	0.0	0.0	0.0	0.0	0.0	0.0	0.0	0.0
CGTGTCCCATTGCATCACTTTAGG-1_2	553.8937710450298	0.0	0.0	0.0	21.207013736979025	17.92276184847588	28.442165708664106	0.0	0.0
CGTTATGTCGCCTCGAACTTTAGG-1_2	0.0	2.6166998563454476	0.0	0.0	18.65898156496624	831.7279468719571	0.0	0.0	0.0
CGTTTGGGTGACCTTGACTTTAGG-1_2	75.11057413915165	49.86275980289332	452.2250638544869	10.450003688848984	0.0	8.96234232527833	0.0	0.0	0.0
CTAAGTGCATCCGCTAACTTTAGG-1_2	0.0	0.0	747.4422704614939	0.0	0.0	1.2757628081542836	0.0	0.0	1.6373195994194294
CTACCCACAAGTTAACACTTTAGG-1_2	0.0	0.0	0.0	0.0	0.0	0.0	0.0	0.0	1471.037639921268
CTATCCGCAGCAATTGACTTTAGG-1_2	117.0913138407125	0.0	10.341836552269084	26.053754373769983	0.0	17.67834413847355	23.008323288848672	352.68336457928314	0.0
CTATGCTCAATGTGGCACTTTAGG-1_2	0.0	44.93091776923071	14.200460647655172	622.6605523376173	0.0	3.2327395525240896	0.3616894760300975	0.0	1.8973974862301943
CTATTACAGCCACTCGACTTTAGG-1_2	0.0	6.007978460109866	520.950967659794	17.077191383654164	17.58150399176904	8.094817043053851	16.089013555229855	0.0	0.6613980636399923
CTCAACATCCAAATAGACTTTAGG-1_2	0.0	568.7442643223103	11.296170824691055	0.0	0.0	0.0	47.19714136298543	66.76806707428767	0.0
CTCATTACAAGCTTTCACTTTAGG-1_2	0.0	502.3842128525208	218.47555864041684	0.0	0.0	0.0	0.0	0.0	0.0
CTCCATCGTTTGTTGAACTTTAGG-1_2	82.83135649642921	0.0	496.42026441369217	2.639579233517479	0.0	67.96106800612758	17.919126115134485	52.907257770616724	0.0
CTGATCCAGCACGTTCACTTTAGG-1_2	575.2077266379717	54.3727690029737	3.3453355219748997	23.07285216316367	0.0	0.0	20.30478947477279	22.395843624115177	0.0
CTGCAACTCAGGGATTACTTTAGG-1_2	8.30757656940934	7.977801541410465	596.1986226567583	0.0	0.0	0.0	27.20521907951041	0.0	0.0
CTGGTTATCTCTCGCCACTTTAGG-1_2	26.480514000666048	340.00425097837837	16.025125379659343	3.447265709155613	38.2706218888954	0.0	5.57454560165449	103.22907966335802	0.0
CTGTTTACACCATCCAACTTTAGG-1_2	0.0	688.5521187997946	9.86370153411691	0.0	0.0	0.0	29.633322867023892	43.211829502363685	93.08045200173983
CTTCAATAGGTAAGCTACTTTAGG-1_2	0.0	792.3339884245513	0.0	224.40878276984552	0.0	0.0	0.0	0.0	0.0
CTTGCTGCACATGAATACTTTAGG-1_2	0.0	35.38352198359416	0.12177079107918587	22.700585958823996	645.6249456025871	22.567053316273405	8.333103593719462	6.4002367446152695	62.6031691980944
CTTTAACAGGGTTTCCACTTTAGG-1_2	10.429071125048663	304.86279357289624	214.29816234938647	57.84376728757387	5.524479483874153	0.0	0.0	9.402690560630464	0.0
CTTTAACAGTCGAAGTACTTTAGG-1_2	450.7008702518717	13.016806538877391	44.062076511622294	9.376454688164337	0.0	34.2034597953553	22.449184643271614	20.163890715748206	0.0
CTTTCGTTCGCAACGAACTTTAGG-1_2	20.483679882353417	531.7731031067154	0.0	0.0	0.0	11.490048390915602	18.713637037445046	136.4910195745498	0.0
GAACAATGTCAGGATAACTTTAGG-1_2	17.182908784752293	0.0	25.14757272064514	636.5412349023221	0.0	0.0	0.0	0.4792246445016603	1.1029566438426273
GAAGAATAGCTTAAAGACTTTAGG-1_2	609.1181582484174	0.0	0.0	20.148619026372767	0.0	9.495019694273546	4.698674621743507	16.814639443915336	0.0
GAAGTATGTGCGGCTTACTTTAGG-1_2	524.0164471376846	40.03794355825617	38.083164401991986	2.5516355898278476	0.0	6.199970915903908	2.8773735395674818	0.0	6.031889812112029
GAATGACTCTGGTCTAACTTTAGG-1_2	0.0	41.42928939135276	0.0	27.16660988741942	409.89100931926015	67.00016580549297	21.22805359389111	57.808500179789974	9.701456268970528
GAATGCGTCAATTTGCACTTTAGG-1_2	652.4900673664567	0.41556613755311395	8.850218168091828	0.0	0.0	0.0	0.0	0.0	0.0
GACAGGGAGGAAGCAAACTTTAGG-1_2	153.22996861531217	18.285791792831574	18.585021403437274	2.70982414532467	136.9263394230835	15.230609388446409	40.08161486994509	0.4487849165981576	15.625679521573433
GACCGTGCAACTAAGTACTTTAGG-1_2	469.5687762869041	19.96813751746441	3.458109015880642	33.63770916134776	0.0	3.6645367779384506	0.0	0.0	11.476305802180658
GACTAAATCTGGTCTAACTTTAGG-1_2	640.7990552183314	22.92371081505119	3.757856848594298	9.021342431205833	20.523999380983202	0.0	41.957275497879586	0.0	0.0
GACTCAACAGATTGCAACTTTAGG-1_2	23.70417616784804	456.7418310764866	30.33837406994276	0.0	12.107979121205265	11.663015762844696	0.0	19.267844372279185	11.76534861488779
GACTTACGTCATTATGACTTTAGG-1_2	430.364626168539	0.0	77.27091599591385	24.05706196591679	1.0575415791252796	1.0120004575020654	0.0	16.54752092061567	14.842356765568589
GACTTACGTTAACGAGACTTTAGG-1_2	75.44675118440969	16.521488466773654	8.508310480746655	39.86096576005053	21.029358362861725	24.373870391458194	59.51266498193054	9.966966791108426	55.91667319615069
GAGCAAGCACCATCATACTTTAGG-1_2	0.0	0.0	0.0	0.0	912.7495540130556	0.0	0.0	13.534817887693258	0.0
GAGCTATAGCGCTCCAACTTTAGG-1_2	130.38063156992877	246.05274298317102	0.0	22.436764928533897	193.61121666127602	24.531466894813615	21.20615973438812	12.232322962954758	41.14678694563751
GAGGAGTAGCAATCGGACTTTAGG-1_2	0.0	0.0	0.0	873.1416753512196	0.0	16.94935800134505	0.0	0.0	0.0
GATATGATCCTGTTCTACTTTAGG-1_2	58.7554063131576	640.8897809005629	0.0	0.0	0.0	0.0	0.0	8.993149770727092	3.330399297277507
GATCACACACCAACAAACTTTAGG-1_2	540.4639774515792	14.205422778580756	100.4051683365007	64.02611267248567	20.36299149190616	32.05386428413832	0.0	95.44646385893425	8.675540056788085
GATGGTAGTGAACGACACTTTAGG-1_2	360.8159167708405	0.0	79.67255715832955	14.009332797406058	0.0	0.0	26.379618338655654	109.15022834946805	0.0
GATTAGTCAACAGAGGACTTTAGG-1_2	88.94265076301215	90.87311613570733	263.566172590604	21.50908019666575	0.0	0.0	12.805633659080401	0.0	0.0
GCAAATTCAACCGGATACTTTAGG-1_2	0.37003941753066544	607.1180556902227	10.034018513805314	14.440849491330308	0.0	30.23133372587806	0.0	10.01760469777046	7.726637993482132
GCAGCAATCTTGATCGACTTTAGG-1_2	0.0	669.7464515420513	29.581458606024366	0.0	18.12847272555361	0.0	0.0	0.0	0.0
GCAGGCTAGGCGATATACTTTAGG-1_2	96.1829352818323	0.0	382.11719715708114	14.873087236249246	2.7587413914430274	0.0	16.55686000416058	30.072403308710893	0.0
GCATTTGTCGGTTCCGACTTTAGG-1_2	109.04935545219001	71.07704024762788	319.5704194766856	75.30596027599483	0.0	5.774047743888109	0.0	0.0	5.037173584373047
GCGAGCTAGTTTGCATACTTTAGG-1_2	563.4892213380857	20.165597743064517	0.0	0.0	0.0	34.3515398099766	31.610841168844487	0.0	0.0
GCGTTACTCCCGCTGAACTTTAGG-1_2	488.89353674961336	0.0	0.0	1.9894920704768022	12.490176468637697	25.25957112890995	0.0	41.119759955604806	0.0
GCTAACTGTGCTTCGAACTTTAGG-1_2	0.0	0.0	636.8283442491334	7.490931491853056	0.0	0.0	0.0	0.32699591509738585	0.0
GCTCACCCATCATGTCACTTTAGG-1_2	514.421262525739	0.0	0.0	22.0888159214223	0.0	29.661250144650662	8.12705893895231	0.0	1.5867491160595957
GCTCACTAGGTATAGCACTTTAGG-1_2	0.0	564.3148161291955	11.364632350139926	0.7196541416401615	21.54498353086884	12.639869007959705	10.842372908838353	0.0	31.4493993560294
GCTCCATAGCCTGCCAACTTTAGG-1_2	0.0	596.0032152730524	33.570890098376765	0.0	0.0	12.410642054721642	0.0	0.0	1.1194959637892048
GCTGGATCACCACACCACTTTAGG-1_2	0.0	28.12203145342104	0.0	0.0	0.0	5.960986785266429	1002.7463157667222	11.416126299459927	0.0
GCTTACATCGTCAATTACTTTAGG-1_2	534.5799833018463	38.497130140819614	17.94991483657312	21.129606196221573	0.0	5.989545217929917	0.0	0.0	0.11832441126180292
GCTTGATGTTTACGACACTTTAGG-1_2	506.94728412526996	85.97641965974145	44.34023833552444	0.0	2.0849646367009957	0.0	0.0	33.11590390839505	0.0
GGAACCGGTATAGTGGACTTTAGG-1_2	556.6567995096834	0.0	0.0	5.752978087636185	0.0	0.0	1.0495008716538057	5.606849818220821	0.0
GGAAGCCTCGTCCCGAACTTTAGG-1_2	125.67629259559845	21.748672388012576	509.0055739189289	0.0	0.0	0.0	30.319428137850565	0.0	0.0
GGATTGCCAGAATCGCACTTTAGG-1_2	40.14621897690186	807.012833285723	0.0	0.0	0.0	0.0	0.0	0.0	5.060357306374694
GGCAATCCAAATAAGGACTTTAGG-1_2	0.0	513.9042192073048	0.0	4.893730188173748	0.0	0.0	0.0	34.99723865989817	0.0
GGCATGATCGACTTTGACTTTAGG-1_2	39.11235515625674	10.012768308013012	455.64558475404226	0.0	1.726338040433539	0.0	18.187385060410318	0.0	0.0
GGCATTTGTAATGCCTACTTTAGG-1_2	197.0130537538121	47.679945465808814	288.0547584249857	0.9588184882572663	8.367163078063799	0.0	0.0	0.0	0.0
GGCCTTTAGCAGGTTGACTTTAGG-1_2	808.5922844982529	0.0	0.0	0.0	0.0	0.0	0.0	0.0	0.0
GGCGAATGTAAACCCTACTTTAGG-1_2	28.259427037242663	595.19092770691	11.41863304808789	0.0	2.052768676907614	0.0	1.3429421415226859	37.39514377225574	13.416520393802298
GGCTGATCAATTGAGTACTTTAGG-1_2	0.0	488.11556001183664	26.815172850503227	25.22182388247097	14.558152470522538	0.0	11.085228305362058	28.45954343129876	18.15899115745155
GGCTGATCACCTACTGACTTTAGG-1_2	21.627712217220346	33.39310082832346	3.282694600152504	15.981641318959255	661.537636367083	70.15905242086237	24.49665824654799	57.220683236972505	25.77676562016994
GGCTTAGAGGTTAGGTACTTTAGG-1_2	0.0	50.640696083779915	20.77428996077843	15.628773677085027	9.816597759850394	9.711741938721923	703.0144198884682	2.1256400992056004	0.0
GGGATGGAGATAGCTAACTTTAGG-1_2	588.2773083619787	17.894230157934864	15.196878972159961	2.145507171499323	0.0	13.711542711376602	12.85812414816532	6.150577512209216	0.0
GGTGTGATCCTAAGTTACTTTAGG-1_2	37.09061063404478	536.3732394390476	0.0	12.77316292978307	0.0	0.0	33.72782163653648	7.993950520151178	0.0
GGTGTTTGTACGAATGACTTTAGG-1_2	277.606544113532	18.064987544774297	48.32865881610363	293.47875371926955	0.0	0.0	0.0	20.28434843224103	4.657144668106479
GGTTACCTCGGCTAAGACTTTAGG-1_2	0.0	810.1674721996493	0.0	0.9726845211607834	14.155682675512697	4.997800969734281	0.0	0.0	0.0
GGTTGACCAATAGAAGACTTTAGG-1_2	7.567204603120103	671.6329273038208	0.0	0.0	0.0	0.0	5.123583316456968	35.24867047326896	34.37173843441776
GTAACCTGTAACGTGAACTTTAGG-1_2	655.7630129831441	0.0	8.639602960657829	0.0	7.399139111853828	0.0	4.224102655535212	0.0	6.196566227737421
GTACCTATCCTTGTTCACTTTAGG-1_2	27.78268738640565	457.2707625698478	0.0	0.0	0.0	0.0	0.7554351530994521	38.305010649808644	8.620980597033578
GTTAGCGAGCTAAATGACTTTAGG-1_2	0.0	1.1769251089025097	556.6976375706687	0.0	0.0	0.0	0.0	3.277753277444968	0.0
GTTCCATCAGCTCGCTACTTTAGG-1_2	0.0	11.136770941605956	553.1002469278878	0.0	0.3633852159498051	4.298644532926531	0.0	0.0	0.29727060773046043
GTTGGATAGGGCGGTTACTTTAGG-1_2	554.3105986735607	9.499532210425334	111.85014658376042	8.347087423033413	23.222155564530453	16.80675329342984	75.03708780215821	0.0	0.0
GTTGTTGTCGATTAAGACTTTAGG-1_2	498.5869780958251	31.71905609840838	45.85040260132118	6.122826822840101	31.114073331284263	0.0	0.0	0.0	0.0
GTTTGGGAGCAAATTGACTTTAGG-1_2	0.9581610446199744	28.162859881965307	30.81099336758193	4.091318762382825	17.87516299952679	94.28854878995323	6.538128011047699	51.64843313420034	27.85763618628594
GTTTGTCCATTGCCCAACTTTAGG-1_2	0.0	0.0	826.0237065303913	0.0	0.0	0.0	0.0	0.0	0.0
TAACCAAAGCATCTATACTTTAGG-1_2	534.4868009012799	26.491075692416985	0.0	10.569292176852263	7.37616837705563	8.000127965994144	24.07828870711385	4.132076925995759	6.8648601173246515
TAACGTTTCAGCATGGACTTTAGG-1_2	0.0	0.0	17.379354072646972	0.0	0.0	678.1877288661885	0.4010358753888041	0.0	5.576364946377362
TAAGGTTCAGCAATTGACTTTAGG-1_2	0.0	551.5771612664985	0.0	0.0	0.0	15.52194711733376	0.0	27.859215210385784	26.578786245733987
TACCAGCTCATAATGGACTTTAGG-1_2	0.0	9.59891605386219	603.4921093411264	15.670617953159155	5.582427740899108	11.877688595286836	0.0	0.0	1.1102670360464386
TACCCGGTCTGTGACCACTTTAGG-1_2	0.0	0.0	628.8585037154875	0.0	0.0	0.0	0.0	0.0	8.639336928311975
TACCTGCAGACAGACTACTTTAGG-1_2	123.47557425474933	0.0	428.10259871265384	18.47969936537847	24.098221189016503	2.2170274474009255	36.029381846397555	28.94096233298187	0.0
TACCTTTGTTAACCACACTTTAGG-1_2	406.289093000823	0.0	23.345739998545604	12.827676719470503	4.768803291065429	0.0	24.701564014655332	12.479147871047521	12.022088425149159
TACTCACCATCACGAAACTTTAGG-1_2	29.098828580887727	47.33522103411553	522.201011096151	0.0	0.0	7.4157528934757115	0.0	15.888566065834482	26.385572477224763
TAGTCTCCAAGCGATCACTTTAGG-1_2	13.480807434539038	107.71509751193348	0.0	13.274894395996016	39.476487946918034	0.0	0.0	470.6539575648569	0.0
TAGTTGTTCCGGATAGACTTTAGG-1_2	0.0	0.0	0.0	760.1501611523839	0.0	0.0	0.0	0.0	0.0
TATACCTAGAAACCCGACTTTAGG-1_2	58.39499800617908	0.0	490.33509733028956	19.45723619040379	12.241138498651791	6.247794042880676	29.7489895997167	32.365313463744265	0.0
TATATCCAGGCTTAAAACTTTAGG-1_2	0.0	897.6338532841178	0.0	0.0	0.0	0.0	0.0	0.0	2.584907660054454
TATCGCTCACCACAAAACTTTAGG-1_2	447.02361593974194	1.0135952062571034	110.88322641541914	3.7239403607519237	0.0	14.806430432085882	48.57191197075474	33.93120245584629	0.0
TATGACTTCATCCAGCACTTTAGG-1_2	76.04689659846952	145.55531466065153	206.07387746019003	7.05506087995667	0.0	2.1384709454964246	18.194956717242423	21.93369812569063	20.251555120489844
TATGTCCCATGAGCTAACTTTAGG-1_2	0.0	0.0	0.0	0.0	430.88570267729506	63.725388968179956	0.0	0.0	539.3486849349545
TATTGCCCAAGTTGCAACTTTAGG-1_2	0.0	546.2167474725808	0.0	30.912386180445868	0.829036772166471	2.2376112757934314	6.195448455334447	163.26770456134912	1.4113143631013016
TCAACTAGTGCATCGCACTTTAGG-1_2	34.56630374059652	53.10526840855773	33.63348024082464	15.880749711200341	477.02177712534746	0.0	4.001919505262561	0.0	0.0
TCAATGGCATTTGCTAACTTTAGG-1_2	60.185050451492394	11.578641729315564	19.449412973341968	0.0	0.7908161021666437	388.1967548026467	0.0	21.798090612979017	0.0
TCACTCGCACCTACTGACTTTAGG-1_2	587.3808083286264	0.0	0.0	0.0	0.0	0.0	0.0	0.0	0.0
TCATGAAAGCTCAAGGACTTTAGG-1_2	0.0	0.0	0.0	0.0	0.0	1094.8862620071393	0.0	0.0	6.311161118413392
TCCAAGTGTAATGCGAACTTTAGG-1_2	0.0	0.0	0.0	942.6159458479839	0.0	0.0	0.0	0.0	0.0
TCCATTACATAAGCTGACTTTAGG-1_2	0.0	0.0	0.0	0.0	0.0	1137.6228420803823	0.0	0.0	0.0
TCCTTCTAGTTGACGGACTTTAGG-1_2	30.358944459038604	16.105828145075478	0.0	30.66241292065308	664.7844352790424	38.891746639946604	12.034397644531953	0.0	12.259151655697517
TCGCGCTCATAATGACACTTTAGG-1_2	0.0	909.3781259256061	57.21926747802328	8.875098439986383	0.0	0.0	0.0	8.717636461889938	0.0
TCTAACAGTTTCAGGTACTTTAGG-1_2	472.29311545976026	14.490982325656093	52.44814437778504	4.093777527547531	26.07469981590742	0.0	7.577206893215987	34.261909449166886	0.0
TCTCGCCTCCTTTGGAACTTTAGG-1_2	705.7359446889943	0.0	0.0	0.0	0.0	0.0	0.0	0.0	0.0
TGAACCTGTGTTAGCTACTTTAGG-1_2	11.447460750048569	375.88662851535184	68.85763244929637	27.273544514779207	14.571645841746559	38.46366120021398	6.723008906551557	9.753776034589489	0.0
TGAAGGAAGGTTATGAACTTTAGG-1_2	0.0	0.0	0.0	0.0	1254.6070845227387	0.0	0.0	0.0	0.0
TGATTTGGTATTGCGTACTTTAGG-1_2	82.02258030977853	40.917397921381394	449.38309791504537	11.431697766146897	7.405672041295954	19.18089282094058	40.30846294923214	2.800575392636333	8.759496994589753
TGATTTGGTTTGTCCCACTTTAGG-1_2	363.5484329340011	81.6965142472058	109.8151450800347	3.5735367039893537	5.023583615964685	0.0	15.172901586049239	70.9640142726043	5.220689849291225
TGCCGGTGTACGTAAGACTTTAGG-1_2	0.0	0.0	0.0	3.4901486769593753	0.0	0.0	0.0	0.0	933.2398120213319
TGCGCTAGTAAACCCTACTTTAGG-1_2	410.4738304811858	107.5739565206313	33.63035784513506	2.676807439556341	0.0	11.75238237001148	17.80839552306439	49.81405779664617	3.2738362836229586
TGCGCTAGTAACTACCACTTTAGG-1_2	170.03798143590186	44.816410076109214	109.02156242658151	0.0	0.0	13.033025157497613	27.829902501522625	92.64382272668004	0.0
TGCGCTTAGGTCTTGCACTTTAGG-1_2	304.7507695539571	34.91057584358611	69.20468166297152	9.260207714616183	18.024664883957147	16.120744175641697	14.88266473403819	208.05283928903356	0.0
TGCGGAATCCTAAGTTACTTTAGG-1_2	10.229128367817017	6.28163585188164	15.421266170403177	647.7342703930419	14.935478467892176	18.128128953346874	8.2331006621782	3.651655898036174	15.160942565327
TGCTTAAGTTCGAATCACTTTAGG-1_2	0.0	602.8196437919012	7.483836652751421	0.0	0.7880402936841301	8.618141461078086	5.697773227657673	68.84068510169043	0.0
TGGAAACTCGAAGTTAACTTTAGG-1_2	83.38826736540062	532.0033937989648	0.0	0.0	0.0	10.687144385420405	6.238828962012029	0.0	0.0
TGGATCGAGCAAAGCTACTTTAGG-1_2	291.6287224853713	27.699819953759775	0.0	20.86380457426917	187.53525321957628	17.98753700234905	43.945872622604966	0.0	22.33223188689711
TGGCGTGCATATAGGTACTTTAGG-1_2	33.3991095020107	240.97879179304388	46.29134751203228	44.599726213674565	50.73038231433549	30.372355172283484	70.07520032145187	29.75441716056535	60.11854527503801
TGGGTTTGTAGGTTTCACTTTAGG-1_2	8.462004971880386	0.0	646.2840840994553	31.98644126272604	0.0	0.0	0.0	0.0	3.2942039483029086
TGGTCAACAAGTTGCAACTTTAGG-1_2	683.3762129027906	0.0	0.0	6.089559111455252	3.0189643233121655	9.773617030950124	0.09354798766587813	14.976487915250479	6.817372128576772
TGGTTAAAGTAGCGCAACTTTAGG-1_2	14.753811155021191	7.238017272455291	537.243848625779	0.0	0.0	0.0	72.17254689037706	0.0	0.0
TGTGCTGGTACTAACCACTTTAGG-1_2	0.0	30.199271876417505	0.0	7.792024476204067	722.3473614041225	210.09839292355193	0.0	25.450647249111583	114.37470064300312
TGTTAGTTCAGGCTGAACTTTAGG-1_2	226.52031182855742	0.0	91.08218856597233	25.74499193417378	0.0	16.126877032025277	0.0	421.62798617085207	0.0
TGTTCCTTCGTCCCGAACTTTAGG-1_2	0.0	0.0	763.2523477839005	0.0	0.0	0.0	0.0	0.0	0.0
TGTTCTTGTTATGTGCACTTTAGG-1_2	685.8082920657239	0.0	0.0	0.0	0.0	0.0	0.0	0.0	0.0
TTAGAGCAGAATGGGAACTTTAGG-1_2	0.0	641.1848433208653	36.576181392358464	35.461959982227	5.029945138204417	0.0	26.69387261044903	0.0	0.0
TTAGCGGAGGTGAATCACTTTAGG-1_2	0.0	0.0	0.0	0.0	0.0	0.0	0.0	1428.8518325810135	0.0
TTAGGTGCAAGCCTAAACTTTAGG-1_2	544.533591121101	19.350753859826956	0.0	0.0	0.0	0.0	34.22580218283034	0.0	3.8004400943979455
TTAGGTGCATAAGTCGACTTTAGG-1_2	351.0287741275568	20.417088532897516	29.07324069174706	18.687813461364705	17.76043027144296	0.0	46.466788281799246	38.115936287866134	0.0
TTAGTTGGTATTACCAACTTTAGG-1_2	309.705517212996	0.0	61.9360425740634	30.314214578149034	0.0	0.0	0.0	136.0031551862781	0.0
TTCAACTAGTCACCTAACTTTAGG-1_2	0.0	0.0	698.2049769543034	0.0	0.0	0.0	0.0	0.0	0.0
TTCCTCCCACTTCGATACTTTAGG-1_2	2.898452534660027	2.2158327754226272	0.0	0.8907457677906975	0.0	771.742468407941	22.077274577791066	0.0	66.49934144066786
TTCGATTAGCAGGCTAACTTTAGG-1_2	8.343898673904217	68.88607547059115	486.7430055783651	14.62713177029807	7.845932659736477	5.548489261239948	0.0	15.780239575876273	0.0
TTGAACAAGTTTGAGAACTTTAGG-1_2	64.19577237437028	300.9397961158313	32.211961535963695	0.0	41.482180722977176	28.377719295748207	0.0	0.27413721084465836	91.31243884632534
TTGACATTCACAAACAACTTTAGG-1_2	219.59165318247102	96.57215067666397	37.34366358654718	12.209963543269868	0.0	18.47403948793834	13.485410289012709	75.70379148501176	5.959562212375126
TTGAGGAGTCACACCAACTTTAGG-1_2	436.60604153944706	57.05993805383069	26.031309437015935	3.6873504597733158	5.223596937146461	10.361485127134221	44.953189892986565	3.173175993975073	0.0
TTGAGGAGTTGCGGCTACTTTAGG-1_2	797.8741670346743	10.591744034935136	0.0	0.0	6.598715632105421	4.673942460221031	10.682297837169779	13.325800994877808	0.0
TTGTTGTAGTGAATCAACTTTAGG-1_2	0.0	23.875082156975164	0.0	19.452930876827658	7.211921737280877	657.2014490868943	44.45173941567744	5.891121386487659	34.68865637144186
TTTAGTCAGTTACAGAACTTTAGG-1_2	32.74708764202813	579.9454923341863	0.0	27.470444870791557	11.238358481247522	0.0	0.0	0.0	6.511163107730383
TTTCACCTCCTAAATCACTTTAGG-1_2	554.7849163794278	0.0	22.391796809380637	0.0	0.0	0.0	0.0	33.820817566971485	0.0
TTTCACCTCGTTGCACACTTTAGG-1_2	486.5969867751444	13.688519470188337	18.34313176046467	8.100025823573002	1.837399222055916	0.0	17.621090137667036	0.0	0.0
