	1	2	3	4	5	6	7	8	9	10	11	12	13	14	15	16	17	18
AAAGCGAAGCGATAACACTTTAGG-1_2	116.59004505443953	59.241953975886915	47.92621117759561	59.91318596272408	19.754097782529886	14.516154429089754	0.0	0.0	12.605796023581476	0.0	0.0	0.4662781535127722	0.0	0.0	0.0	0.0	0.0	0.0
AAAGGTACAGCCCTTAACTTTAGG-1_2	127.10452717362195	36.84671270093007	20.7891813909312	74.89068613792378	0.0	0.0	0.0	0.0	0.0	0.0	0.0	27.96154852536654	0.0	0.0	5.527506710579705	0.0	0.0	0.0
AAATCACCAATCATCCACTTTAGG-1_2	77.90462633431277	50.900990187101705	44.45421203215372	0.0	6.686944750245444	0.0	0.0	15.481640813816437	60.07994851861122	0.0	17.47670415531485	0.0	0.0	0.0	0.0	0.0	0.0	0.0
AAATGAGCATTTGTTGACTTTAGG-1_2	32.403585032298814	80.83938107603689	0.0	36.58921472316463	35.813447297291276	129.01037560882182	0.0	23.949695339739357	0.0	0.0	0.0	0.0	0.0	0.0	0.0	14.386353527369234	0.0	0.0
AACCAACAGGACACGCACTTTAGG-1_2	115.22305617269316	76.45152572918528	52.135841235169025	0.0	0.0	12.63872650846165	39.26712315739855	9.908636981308593	0.0	24.270065369026884	4.544964085504981	0.0	0.0	0.0	0.0	0.0	0.0	0.0
AACCTCATCGAACCTCACTTTAGG-1_2	66.28065315175427	68.69485260954745	0.0	46.24490615014898	49.97300729361546	5.723414954591712	0.0	0.0	0.0	0.0	6.372130241246707	9.132554375758545	0.0	0.0	0.0	0.0	0.0	0.0
AACTGAGGTGCTCCAAACTTTAGG-1_2	120.60218415126204	67.1656731491397	1.9770608479881935	54.297801815290406	54.143972211067876	4.727607150387766	0.0	6.772809600067778	0.0	0.0	0.0	0.0	0.0	0.0	0.0	0.0	0.0	0.0
AAGACAACAAATAGGAACTTTAGG-1_2	104.06877526475053	53.26389262079355	22.05427542563493	88.60125565945022	0.0	7.292538900330047	0.0	0.0	0.0	0.0	0.0	19.01021624452132	0.04615389276046566	0.0	14.80620177449624	0.0	2.737846772363096	0.0
AAGCCTCTCAATTGGAACTTTAGG-1_2	198.26981980523206	51.77711387740943	17.33288204632581	0.0	21.646676246655293	1.1660370785879735	0.0	0.49093149753613485	42.097971920587625	5.444191720840602	0.0	0.0	0.0	0.0	0.0	0.0	12.288558168062316	0.0
AAGCCTGAGTTAGTTCACTTTAGG-1_2	26.37160794799123	952.2549812401289	0.0	0.0	0.0	0.0	0.0	0.0	0.0	0.0	0.0	0.0	0.0	0.0	0.0	0.0	0.0	0.0
AAGCGGCTCTAATCACACTTTAGG-1_2	305.56958387635234	25.383793628129023	0.0	30.838111182371403	40.72325620913118	17.004272430278526	0.0	0.0	0.0	0.0	0.0	24.03000810402354	0.0	0.0	0.0	0.0	0.0	0.0
AAGGGAGGTGGTTACTACTTTAGG-1_2	36.554319712524624	31.671175266644376	0.0	23.293697451125038	16.120602935697292	313.6495071868302	0.0	0.0	0.0	0.0	0.0	26.66662855180403	0.0	0.0	0.0	0.0	0.0	0.0
AAGGGAGGTTGTTCCCACTTTAGG-1_2	59.37912005745122	33.979024100547505	360.1265652359827	0.0	0.0	3.665939887451283	0.0	1.7591087571476505	20.154253633551026	0.0	0.0	0.0	0.0	0.0	0.0	0.0	0.0	0.0
AAGGTTGGTATGGTCTACTTTAGG-1_2	103.65330140398011	82.57753728119141	0.0	108.85589994147335	28.829904528577444	12.054529587635004	0.0	15.66831088954328	0.0	0.0	0.0	0.0	0.0	0.0	0.0	0.0	0.0	0.0
AATACTGAGGTCAAGTACTTTAGG-1_2	105.69104459981882	34.65123875580316	0.0	55.655100662178114	46.327134277653336	3.785920159364663	0.0	0.0	0.0	0.0	0.3190016063295058	16.193906309824808	0.0	0.0	0.0	0.0	0.0	0.0
AATCACGCATCCTTGGACTTTAGG-1_2	785.5724028588078	0.0	0.0	0.0	0.0	0.0	0.0	0.0	0.0	0.0	0.0	0.0	5.175192667994897	0.0	0.0	0.0	0.0	0.0
AATCACGCATTTGGCTACTTTAGG-1_2	66.94163863546267	516.3641940359126	40.84366979950737	10.144910841756944	0.0	7.672747071649857	0.0	0.8873432138469161	0.0	0.0	0.0	0.0	0.0	0.0	0.0	0.0	0.0	0.0
AATCGCGAGGTTGCAGACTTTAGG-1_2	389.44790696068895	0.0	9.135857077790206	13.546268090371496	0.0	8.329354014020426	0.0	7.0294704893877	0.0	0.0	0.0	0.0	0.0	0.0	0.0	0.0	0.0	0.0
ACAGCGGGTTGCGCTAACTTTAGG-1_2	125.55241152649799	109.32180440795513	60.84840962011467	48.688270708971714	0.0	5.3418384798037355	0.0	14.542024931857023	0.0	0.0	0.0	0.1668422741751777	4.697314393556992	0.0	0.0	0.0	4.361325993767268	0.0
ACATACTTCTGGAAACACTTTAGG-1_2	92.04509128220413	41.70466918736245	0.0	19.455565215726637	55.315413972959696	13.275808687318417	0.0	2.254210302100433	17.873357713945747	29.75119789178203	0.0	4.198590537838111	0.08758404927290714	0.0	0.0	0.0	0.0	0.0
ACCAATCGTTCACTCCACTTTAGG-1_2	130.8154342304001	86.960367514805	0.0	71.18376140851366	66.78048351937953	3.8403906050399073	0.0	3.501066435997526	0.0	0.0	0.0	12.752028086599585	0.28707678504406337	0.0	17.435470948246046	0.0	0.0	0.0
ACCACGTTCGGGACTAACTTTAGG-1_2	112.64638105900286	68.78056107173052	0.0	36.42721747086735	53.816354386029516	12.116977125968939	0.0	14.397543145745827	0.0	11.815858955364767	0.0	0.0	0.0	0.0	0.0	0.0	0.0	0.0
ACCGGCTGTTTCCTCAACTTTAGG-1_2	132.20894054569854	34.265795473889334	75.36314016756353	0.0	0.0	3.8232799331179534	42.10932901311685	0.0	11.206106904361254	0.0	0.0	11.694351176599172	0.0	0.0	0.0	0.0	0.0	0.0
ACCTCTAAGGTAGTTAACTTTAGG-1_2	107.52237753355385	77.39393845138046	43.275461095083905	0.0	0.0	0.0	0.0	11.618571202257506	44.93206996572956	0.0	26.117469655194913	0.0	0.0	0.0	0.0	0.0	0.0	0.0
ACGGTAAGTCAAAGGCACTTTAGG-1_2	92.74214433610008	37.053151023758524	33.4301711118337	63.924013655316806	0.0	21.153602945495138	0.0	0.0	0.0	0.0	0.0	0.0	0.0	0.0	0.0	0.0	0.0	0.0
ACTAATGAGGAAACTCACTTTAGG-1_2	90.48658495921255	73.63140216625803	27.25742657228215	43.8885939360008	0.0	0.0	0.0	19.38769426694797	9.465784645206483	0.0	7.125569833518775	0.0	1.9584778637430105	0.0	0.0	0.0	0.0	0.0
ACTACAAAGGATTATGACTTTAGG-1_2	546.8205467481486	10.92714304093098	0.0	29.088568948269625	11.619970547429986	0.0	0.0	51.32581348748311	0.0	0.0	0.0	0.0	4.008527415537875	0.0	0.0	0.0	0.0	0.0
ACTACTAGTTTGAGCTACTTTAGG-1_2	36.8481123976851	5.826398162172804	347.80907963519235	0.0	0.0	0.0	0.0	0.0	23.059659090273946	0.0	4.503979800902655	5.362437694179375	0.0	0.0	0.0	0.0	0.0	0.0
AGAAGCAAGTCGTTCAACTTTAGG-1_2	113.7730404336831	60.168674387928526	0.0	5.957465247519017	33.83112853811854	23.876646967887925	13.310060165226442	10.499777768127718	53.31282297079378	0.0	0.0	0.0	0.0	0.0	0.0	0.0	0.0	0.0
AGAAGGTCAGGCTATAACTTTAGG-1_2	143.03278838337366	73.75279443503506	0.0	9.78541033249706	13.22362315384317	4.142895620136908	109.08348299952786	7.586130331877558	0.0	0.0	0.0	0.0	17.10743513520051	0.0	0.0	0.0	0.0	0.0
AGACACTAGCTAGATAACTTTAGG-1_2	141.90098370153757	59.15909710310279	62.29390627443628	0.0	5.436955550124571	7.16713505481133	48.795445927587465	0.0	0.0	49.379321058656686	0.0	3.513237940367695	0.0	0.0	0.0	0.0	0.0	0.0
AGATTAGTCAACCTCAACTTTAGG-1_2	70.84493882250321	112.7652808811977	45.17504360127967	0.0	0.0	83.08882294893299	43.371438053223734	0.0	0.0	8.238545468034285	0.0	55.306034149552325	0.0	0.0	0.0	0.0	0.0	0.0
AGCATCCTCATGGAACACTTTAGG-1_2	95.64612408254338	58.47635690149503	4.651529972356099	37.85338035176878	31.06597662784874	6.292432243602926	0.0	7.712021104665347	4.584325118805354	19.40077873716935	0.0	0.0	0.0	0.0	0.0	0.0	0.0	0.0
AGCCATTGTAATCCTAACTTTAGG-1_2	131.60594730304905	38.941161868278385	27.84604746492814	0.0	0.0	3.3691862102024652	58.4161420929058	0.0	0.0	0.0	0.0	14.368511725000694	0.0	0.0	0.0	0.0	0.0	0.0
AGCTAAATCGGGACTAACTTTAGG-1_2	563.6816859253906	0.0	14.685701190713688	0.0	0.0	0.0	0.0	13.379526163340895	3.7027679950282275	0.0	0.0	0.0	0.0	0.0	1.4317234908537961	0.0	0.0	15.894511084277292
AGCTACCTCCGGATAGACTTTAGG-1_2	121.7525527856482	71.52412558023406	38.634568780552144	0.0	0.0	11.209852897418871	0.0	0.0	51.95857302629172	2.1244713287993555	0.0	14.113587343760484	6.264100703732538	0.0	0.0	0.0	0.0	0.0
AGCTATGCAAATACCGACTTTAGG-1_2	105.36404778284044	77.99552405366896	17.248799725658703	33.55008227264006	27.170696098350515	0.0	0.0	11.715579060498232	0.0	0.0	0.0	0.0	0.0	0.0	0.0	23.916422481646155	0.0	0.08961726340259613
AGCTGGCAGGTGAATCACTTTAGG-1_2	112.21967638275211	59.369209422057594	64.86982491652402	63.96301059010449	0.0	10.869496598785839	0.0	11.73912953031739	0.0	22.923633640834687	0.0	0.0	0.0	0.0	0.0	0.0	0.0	0.0
AGGGACCTCAGTTAGAACTTTAGG-1_2	642.0308722990947	8.936630812870895	22.521279932354986	0.0	0.0	0.0	0.0	9.252552543910463	13.227015897035601	0.0	0.0	0.0	0.0	0.0	22.429256561958223	0.0	0.0	0.0
AGGGTGGAGGCCTTCGACTTTAGG-1_2	114.1530603732427	56.81745047222607	0.0	15.943236531950852	47.60154154422848	0.0	0.0	1.583732909872794	0.0	0.0	0.0	2.4107637741564263	23.47852747880482	34.12936181928903	0.0	0.0	0.0	7.448223166151141
AGTAAACGTGACACAAACTTTAGG-1_2	134.96828181038205	60.18810038627568	0.0	72.92415754539715	46.10872905076109	3.5468258970321145	0.0	7.48364721877915	0.0	0.0	0.0	0.0	10.296659226345849	0.0	0.0	0.0	0.0	0.0
AGTAGGCGTACAAACGACTTTAGG-1_2	115.24730974366942	95.98655778291847	0.0	62.10097686055809	48.7775548496754	20.449988546194533	0.0	2.1564531549752752	0.0	0.0	0.0	0.0	0.0	0.0	2.4246293858700367	0.0	0.0	0.0
AGTGACCCAGAATCGCACTTTAGG-1_2	249.11867141902326	6.848586621271051	105.50208148339009	46.040838312792246	0.0	0.0	0.0	35.62763444973685	0.0	0.0	0.0	0.0	0.0	0.0	0.0	0.0	0.0	1.783268120610242
ATAACCAAGGTGAGCCACTTTAGG-1_2	164.3824221661646	49.69847395581324	9.818334383406398	16.75237632449787	0.0	11.256611626134017	23.66545261303186	0.0	0.0	0.0	0.0	12.67786153377699	0.0	0.0	0.0	7.5685610420065075	0.0	0.0
ATAAGCCAGAGCAACTACTTTAGG-1_2	614.2405996676545	2.5493147339667868	1.416363858634785	50.016329286564726	0.0	0.0	0.0	0.0	0.0	0.0	0.0	0.0	7.810218495706968	0.0	0.0	0.0	11.01131962451747	0.0
ATAGAAGCAGTGAGGAACTTTAGG-1_2	125.82344426033087	114.58227800413393	0.0	49.22060294237006	59.61803154937702	0.0	0.0	42.78164422260204	0.0	0.0	0.0	0.0	15.169917608409456	0.0	0.0	0.0	0.0	0.0
ATATAGCCATGGGTTAACTTTAGG-1_2	621.7246049884259	0.0	0.0	0.0	7.572980766537086	0.0	0.0	0.0	0.0	0.0	0.0	0.0	0.0	12.267878485508904	0.0	0.0	0.0	0.0
ATATCGAAGGGTTTGGACTTTAGG-1_2	20.415816395620194	665.2454268038866	51.55690296911527	0.0	0.0	0.0	0.0	0.0	0.0	0.0	0.0	7.466831141759694	0.0	0.0	8.098846081353592	0.0	0.0	0.0
ATCAGGTAGAAACTCAACTTTAGG-1_2	515.6937898425641	16.602663231659008	0.0	0.0	0.0	0.0	0.0	0.0	0.0	0.0	0.0	0.0	3.348023046498218	0.0	0.0	0.0	0.0	17.363595918909102
ATCGCGCGTTTACCGGACTTTAGG-1_2	0.0	19.63725729917142	729.2819410782255	0.0	0.0	0.0	0.0	0.0	0.0	0.0	0.0	0.0	0.0	0.0	0.0	0.0	0.0	0.0
ATCGCTCAGGAACCATACTTTAGG-1_2	65.81368548994202	95.19832660380601	0.0	46.38700713765798	40.48589902793142	88.10078219451371	0.0	8.437744125775572	0.0	0.0	0.0	0.0	0.0	0.0	0.0	0.0	0.0	0.0
ATCGGGCAGGACAACTACTTTAGG-1_2	0.0	0.0	0.0	0.0	0.0	0.0	0.0	839.6253606849479	0.0	0.0	0.0	5.454883610969689	0.0	0.0	0.0	0.0	0.0	0.0
ATGAAAGCATTTGTTGACTTTAGG-1_2	108.04914530284798	80.98286800011206	44.53631341636571	32.410990426798314	0.0	0.0	0.0	9.096853464769815	0.0	4.398879174626858	0.0	3.144325432821007	27.163826307959898	0.0	0.0	0.0	0.0	0.0
ATGAGGAAGTCTGTGCACTTTAGG-1_2	142.19120340083484	29.029784635980445	0.0	0.0	29.619771981374694	26.039079734436147	66.67367131152523	36.7526462795872	0.0	18.613212027217124	0.0	0.0	0.0	0.0	0.0	0.0	0.0	0.0
ATGGCCTTCCAAAGGTACTTTAGG-1_2	168.54368467830906	47.90364069863821	35.18656038348876	0.0	0.0	27.989327679050525	25.360451881872958	9.584571403895133	13.56238984853111	13.861121107290272	0.0	0.0	0.0	0.0	0.0	0.0	0.0	15.049504149277421
ATGTGGGTCCGCCTCTACTTTAGG-1_2	139.592354541133	82.93118235026	0.0	0.0	57.77056517666854	0.0	62.39775120022	9.83810443902682	0.0	0.0	21.525226642763045	0.0	0.0	0.0	0.0	0.0	0.0	0.0
ATTATGGAGTGTTTGTACTTTAGG-1_2	102.42002711654281	86.9346463535669	1.8914517386387917	0.0	14.71285965945873	11.110764382422154	31.564521382911686	11.460008859874497	0.0	9.685989649886174	0.0	0.0	0.0	0.0	0.0	0.0	0.0	0.0
ATTCGATTCTAAATCCACTTTAGG-1_2	39.96864409350214	696.2528837828511	14.817161062356059	0.0	0.0	0.0	0.0	0.0	0.0	0.0	0.0	0.0	0.0	0.0	0.0	0.0	0.0	0.0
ATTGATGAGCAGGCTAACTTTAGG-1_2	74.10377779593819	58.31157572921829	38.64334902689095	0.0	0.0	0.0	0.0	0.0	45.284490503787744	0.0	0.0	19.08701075864491	36.43126476329778	0.0	0.0	0.0	0.0	0.0
ATTTAGGAGGAAGCCCACTTTAGG-1_2	98.04827430321279	64.21269870471025	39.54461264085389	36.935860676217196	0.0	8.885390257711908	0.0	7.762849684540659	0.0	14.310758995190776	0.0	9.285860671104938	0.0	0.0	0.0	0.0	0.0	0.0
CAAGCGATCTAATCACACTTTAGG-1_2	113.92994861824165	47.9591637842221	0.0	0.33133239342177156	52.27494941359797	31.48926845597015	48.48792270261441	0.0	0.0	0.0	0.0	32.92457788795919	0.0	0.0	0.0	0.0	0.0	0.0
CAATACTTCTATGCATACTTTAGG-1_2	73.76193654975081	75.76905899515509	44.876807445621836	81.14267699194451	0.0	0.0	0.0	18.37665126260019	0.0	0.0	23.086679277321878	0.0	0.0	0.0	0.0	0.0	0.0	0.0
CACAAGCCAGGCAACTACTTTAGG-1_2	141.2250047801022	69.33400718117146	46.43137965773399	32.84859582105251	0.0	14.343170350517035	0.0	0.0	0.0	38.386663834567905	0.0	7.051050019940294	0.0	0.0	0.0	0.0	0.0	0.0
CACGTTATCCCAGACTACTTTAGG-1_2	816.238302144298	0.0	3.799673179152659	0.0	0.0	0.0	0.0	0.0	12.267621633403115	0.0	0.0	0.0	0.0	3.3869976616738278	0.0	0.0	0.0	0.0
CAGCTGGCAGTTATGGACTTTAGG-1_2	123.3671356393942	41.8650996860293	0.0	71.41679724531684	46.02996655506769	0.0	0.0	5.987421373740406	0.0	0.0	23.346426777396555	0.0	0.0	0.0	0.0	0.0	0.0	0.0
CAGGGCAGTCAATCGTACTTTAGG-1_2	48.929336546060014	57.62181040054417	26.572926864307497	331.0055148443782	7.535374734374908	0.0	0.0	10.311047627828678	0.0	0.0	0.0	0.0	11.414343049922588	0.0	0.0	0.0	0.0	0.0
CAGGTTCTCGCTCAGTACTTTAGG-1_2	96.33831809214625	36.153827071714225	0.0	81.6393288494355	32.85787780923243	35.0139944930726	0.0	12.400419183479263	0.0	0.0	0.0	0.0	0.0	0.0	0.0	0.0	0.0	0.0
CAGTATTTCCTGGAAGACTTTAGG-1_2	278.4535580103761	23.77145107061394	0.0	40.03687818866823	44.28121335671653	0.0	0.0	0.0	0.0	11.11768255868648	0.0	18.10992348308735	0.0	0.0	0.0	0.0	0.0	0.0
CAGTGTGAGGTGAGAAACTTTAGG-1_2	95.86128922835633	131.54303725552137	26.81973993924449	38.403275356495804	0.0	0.0	0.0	0.0	0.0	0.0	0.0	0.27877735365285183	0.0	9.067587902000465	0.0	0.0	0.0	0.0
CATCCTTTCACCTAATACTTTAGG-1_2	195.79894928817842	44.835615645858276	31.334577473553225	12.994019287384901	0.0	0.0	0.0	0.0	59.29194148234907	0.0	0.0	11.440514880948857	0.0	0.0	10.85113727561547	0.0	0.0	0.0
CATTAGCGTATTTCGAACTTTAGG-1_2	121.91851020838502	51.19018013855854	0.0	28.57165446245435	26.89242266199244	7.011635497519341	55.02133163067796	2.0556624840802638	0.0	0.0	0.0	8.336988782243345	0.0	0.0	0.0	0.0	0.0	0.0
CCAAGACCACTTCGATACTTTAGG-1_2	141.64580485168725	105.28548491095172	0.0	29.38583122919288	54.4477747862521	31.86043627754118	0.0	2.846158553258842	0.0	9.538120823507457	0.0	0.0	0.0	0.0	0.0	0.0	0.0	0.0
CCAAGTGAGCCATAAAACTTTAGG-1_2	104.71307583812109	66.66079932639632	0.0	0.0	20.88432573486672	82.99292986105937	35.71411403935182	0.0	0.0	0.0	0.0	19.8061273015	0.0	0.0	0.0	0.0	0.0	0.0
CCACATTCAGTAATACACTTTAGG-1_2	154.16423518667972	38.376564981024	39.0385504571063	0.0	0.0	0.0	40.04291131957375	0.0	0.0	0.0	24.720129191956676	4.17921250198301	0.0	1.3641587925277334	0.0	3.477678533349092	0.0	1.1793194977874284
CCACTAATCGATTCTGACTTTAGG-1_2	91.07391795612477	8.390402275772145	0.0	51.40708101692042	17.781507021147725	133.11670344865564	0.0	0.0	19.24345314012228	24.217188526466572	0.0	10.577860180756867	0.0	0.0	114.37985766033333	0.0	0.0	0.0
CCACTAATCGGGCAACACTTTAGG-1_2	513.1805443762654	6.611180208953619	0.0	0.0	14.2153861502137	0.0	8.430375946417673	2.844269191535079	0.0	0.0	0.0	0.0	0.0	0.0	4.157029477502341	0.0	0.0	0.0
CCAGGTTTCAACTTGTACTTTAGG-1_2	418.37719422818145	0.0	5.0128606730688015	0.0	0.0	0.0	0.0	7.065821777815521	13.724593205045002	0.0	6.401273828808689	6.086186978251357	0.0	4.566243074657494	0.0	0.0	5.688860175152127	0.0
CCATCAGGTTGCACTGACTTTAGG-1_2	48.00385836189009	19.257477278777614	318.0367924623602	0.0	0.0	0.0	43.50939855887759	0.0	0.0	0.0	0.0	7.9630520489790015	0.0	2.6004916192814544	0.0	17.8277417818977	0.0	0.0
CCATTCGCATTGCCTGACTTTAGG-1_2	101.23748383753062	127.48452385032773	0.0	36.19704646496135	44.482115406590005	9.833702564317646	0.0	15.378088804916118	0.0	0.0	0.0	0.0	17.33246654932449	0.0	0.0	0.0	0.0	0.0
CCCACTTGTAAACCCTACTTTAGG-1_2	126.85410406377443	27.509759598781276	0.0	0.0	89.38088303519154	11.219239037841085	61.522114446699575	0.0	0.0	0.0	0.0	12.008550598688698	0.0	0.0	0.0	0.0	0.0	0.0
CCCTGTTGTTAGCATCACTTTAGG-1_2	133.57414337073243	11.742244790000154	0.0	48.58413063584752	48.86590857084156	0.0	0.0	8.515385264158697	0.0	33.462928477743006	0.0	0.0	19.22057224984657	0.0	0.0	0.0	0.0	0.0
CCGGTACGTTGAGTCTACTTTAGG-1_2	82.52799812399093	103.06574860529395	1.9852483301912298	15.418293513961196	51.691827444511944	0.0	0.0	10.997928746216035	0.0	0.0	35.7175136732545	0.0	0.0	0.0	0.0	0.0	0.0	0.0
CCTCAATCAACATAGTACTTTAGG-1_2	529.8557102177348	22.10717414232883	0.0	5.423491529613755	0.0	0.0	0.0	4.174978197011303	1.3382385105638062	0.0	0.0	0.0	0.0	0.0	0.0	0.0	0.0	0.0
CGACTTTCAAATCACGACTTTAGG-1_2	62.37671833920193	79.1669159153856	0.0	0.0	49.61030775427913	0.0	0.0	26.01095327505259	25.63730394739791	0.0	0.0	0.0	0.0	0.8134050638182456	15.172571626240213	10.861116623952466	0.0	1.0482500084101054
CGATTGACACGGTAACACTTTAGG-1_2	544.3031731343776	14.778335541292064	0.0	0.0	26.443476794012152	0.0	0.0	0.0	0.0	0.0	0.0	0.0	0.0	0.0	0.0	0.0	0.0	0.0
CGCACATTCATTGCATACTTTAGG-1_2	79.50043841705904	146.79155692117564	18.05670225952894	0.0	0.0	0.0	0.0	0.0	0.0	0.0	0.0	78.16262353966526	0.0	0.0	15.799650062906794	0.0	0.0	0.0
CGCAGCACACTAGTAGACTTTAGG-1_2	123.26870965151433	30.6481259116588	41.65636281494683	29.97126111608332	0.0	9.958960531666387	0.0	0.0	0.0	0.0	0.0	10.537867097906195	0.0	41.91797748085246	0.0	0.0	0.0	0.0
CGCGACACAAGCGAAGACTTTAGG-1_2	78.93481026976173	42.821359499632514	35.062212584028806	115.21997368240905	0.0	0.0	0.0	14.887136288651925	0.0	0.0	0.0	0.0	3.265597546099754	0.0	0.0	0.0	0.0	0.0
CGCTGGACATGTGGCGACTTTAGG-1_2	182.93780144333473	41.11791503784437	0.0	0.0	44.69688092998322	11.178976105206873	96.82850956356641	0.0	0.0	0.0	0.0	12.075292806668617	5.680256797822001	0.0	0.0	0.0	0.0	0.0
CGGAACCAGTCTAACTACTTTAGG-1_2	0.0	0.0	0.0	0.0	0.0	0.0	0.0	0.0	0.0	1155.4903248561056	0.0	0.0	0.0	65.76811459801658	0.0	0.0	0.0	0.0
CGGTCAAAGGCGAGAGACTTTAGG-1_2	119.51686451104825	47.99127643757999	32.0465433862983	0.0	0.0	0.0	41.968631793080284	19.330341642391467	30.566998288535352	0.0	0.0	0.0	0.0	0.0	0.0	0.0	9.902752329191054	0.0
CGTAATCGTGGACACGACTTTAGG-1_2	64.60457824570014	56.48998479422163	82.15034056730713	0.0	0.0	15.196233137249525	0.0	0.0	8.76628118351477	0.0	0.0	14.27421150619766	29.122760961757635	0.0	0.0	0.0	0.0	0.0
CGTAATTTCCTGGAAGACTTTAGG-1_2	75.8631132511045	78.63033091644934	13.601645011548145	25.62916585311452	16.96184050052352	0.0	0.0	0.0	0.0	16.218374009342313	0.0	0.0	0.0	0.0	15.425755878131234	3.098736219324635	0.0	0.0
CGTGTCCCATTGCATCACTTTAGG-1_2	79.48097760246333	112.3663465603274	0.0	26.10829188335111	34.1461402982146	0.0	0.0	6.5137657223801675	0.0	0.0	7.41701978984368	0.0	0.0	0.0	0.0	0.0	0.0	0.0
CGTTATGTCGCCTCGAACTTTAGG-1_2	59.763972729154155	50.937705469830604	0.0	0.0	21.28180831598257	121.67436799091696	14.53649547763274	17.66840902579636	0.0	0.0	0.0	0.0	0.0	0.0	0.0	0.0	0.0	0.0
CGTTTGGGTGACCTTGACTTTAGG-1_2	310.3410709086017	7.143673219634871	0.0	6.524602989316439	29.901780916334364	0.0	0.0	49.79315455010418	0.0	6.660381407881041	5.2437193164263585	0.0	0.0	0.0	0.0	0.0	0.0	0.0
CTAAGTGCATCCGCTAACTTTAGG-1_2	691.1822345978807	0.0	0.0	0.0	7.712830220339457	0.0	0.0	0.0	0.0	0.0	0.0	0.7055808393908908	3.9988064713251608	0.0	0.0	0.0	0.0	0.0
CTACCCACAAGTTAACACTTTAGG-1_2	0.0	0.0	0.0	0.0	0.0	0.0	0.0	0.0	0.0	0.0	0.0	0.0	1418.7529456928442	0.0	0.0	0.0	0.0	0.0
CTATCCGCAGCAATTGACTTTAGG-1_2	70.16692927778506	61.705288379089204	48.42543818463253	62.98551737107645	0.0	0.0	0.0	0.0	0.0	0.0	0.0	10.582721364211721	0.0	0.0	0.0	0.0	0.0	0.0
CTATGCTCAATGTGGCACTTTAGG-1_2	20.809709874010988	0.0	556.4122232117329	3.0505991311547027	44.5038701734651	3.64616741587197	0.0	0.0	0.0	4.486033385463879	0.0	16.939387559668855	0.0	0.0	0.0	0.0	0.0	0.0
CTATTACAGCCACTCGACTTTAGG-1_2	455.10891040681724	19.456283170808085	24.845193463603575	0.0	0.0	8.088296962646284	0.0	4.295303586412311	0.0	0.0	0.0	0.0	0.0	0.0	0.0	0.0	0.0	0.0
CTCAACATCCAAATAGACTTTAGG-1_2	111.04744987434745	73.46447327378928	35.84873355045047	78.78934695704977	0.0	0.0	0.0	3.625624039777039	12.918823811986767	0.0	0.0	0.0	0.0	0.0	12.50205337030821	0.0	0.0	16.941571036169456
CTCATTACAAGCTTTCACTTTAGG-1_2	230.79326188019547	12.1102670044149	33.88429742143538	0.0	0.0	0.0	23.868965317755702	0.0	0.0	0.0	1.305553607713708	9.602246971344872	0.0	0.0	0.0	0.0	0.0	0.0
CTCCATCGTTTGTTGAACTTTAGG-1_2	442.01124817502597	41.051723487768065	20.83072261042637	0.0	0.0	0.0	32.026571625349014	10.114243178637734	0.0	0.0	0.0	0.0	0.0	0.0	0.0	0.6248626662059069	0.0	0.0
CTGATCCAGCACGTTCACTTTAGG-1_2	103.15350559991758	71.859962822268	10.803799883615794	0.0	55.7715360945604	0.0	0.0	19.61238586495556	57.908441892835405	0.0	0.0	0.0	9.584128914297082	29.050411861489284	0.0	0.0	0.0	0.0
CTGCAACTCAGGGATTACTTTAGG-1_2	557.1500294319235	11.480021418995312	0.0	4.753496005753052	3.010544994624331	0.0	0.0	10.720416008894093	0.0	0.0	0.0	8.979177979139015	0.0	0.0	0.0	0.0	0.0	14.640826666337766
CTGGTTATCTCTCGCCACTTTAGG-1_2	78.07715970680238	40.34596019207442	0.0	110.62261860790748	29.960015459447806	4.547140030588495	0.0	15.065416806680917	0.0	0.0	0.0	0.0	0.0	0.0	0.0	0.0	0.0	0.0
CTGTTTACACCATCCAACTTTAGG-1_2	108.2557568783022	86.72555565295812	4.834546180763457	0.0	0.0	0.0	35.98676633601918	9.09136999180393	69.82611899554799	0.0	0.0	11.975099666342839	0.0	0.0	0.0	0.0	109.45416573844001	0.0
CTTCAATAGGTAAGCTACTTTAGG-1_2	62.18867883516668	41.84413518820127	269.88795134378506	71.30733420990602	0.0	11.470842205665974	0.0	0.0	0.0	0.0	0.0	1.4804033560982446	0.0	0.0	0.0	0.0	0.0	0.0
CTTGCTGCACATGAATACTTTAGG-1_2	42.57200642977991	25.738894861097762	0.0	56.52299918147682	45.70506311851747	108.92770838627868	0.0	38.0076893885482	0.0	12.41133055381081	67.95132136805621	0.0	0.0	0.0	0.0	0.0	0.0	0.0
CTTTAACAGGGTTTCCACTTTAGG-1_2	195.26701403456104	10.860117460918955	75.58985252664276	0.0	0.0	8.055691581236971	0.0	22.47753670776218	49.81281815707265	0.0	0.0	0.0	0.0	0.0	0.0	0.0	0.0	0.0
CTTTAACAGTCGAAGTACTTTAGG-1_2	103.7127402849603	63.49934954156182	36.844720287805956	0.0	6.610217451441368	0.0	19.250384065376977	0.0	14.012703973886767	25.709573265200028	4.241488517322016	11.440081739213685	0.0	0.0	0.0	0.0	0.0	0.0
CTTTCGTTCGCAACGAACTTTAGG-1_2	89.88497783292851	67.14208928151767	32.84614843011846	157.3732360528362	0.0	0.0	0.0	7.558029175549924	0.0	0.0	0.0	0.0	0.0	0.0	0.0	0.0	9.851063399803245	0.0
GAACAATGTCAGGATAACTTTAGG-1_2	27.472130039583302	0.0	575.5789284942975	0.0	35.39612455835684	0.0	0.0	2.573327248331412	0.0	0.0	0.0	0.0	7.551495222209329	0.0	0.0	0.0	0.0	0.0
GAAGAATAGCTTAAAGACTTTAGG-1_2	85.58386979533668	74.46940209771272	0.0	0.0	64.36628495048775	0.0	0.0	0.0	46.65395585352759	16.99623422999766	5.332726344027987	8.973304834172389	0.0	0.0	0.0	0.0	0.0	0.0
GAAGTATGTGCGGCTTACTTTAGG-1_2	122.28889966085167	59.07517952435618	32.64840283650595	30.55147621087504	10.476802546497138	18.58437971710848	0.0	0.0	0.0	0.0	0.0	9.337334225047552	0.0	18.494645280623935	0.0	0.0	0.0	0.0
GAATGACTCTGGTCTAACTTTAGG-1_2	37.733344683014096	49.55207957177531	0.0	49.1883651141953	49.16371718917281	97.36389248930203	0.0	5.231686148354802	8.818942372273153	0.0	0.0	0.0	0.0	0.0	0.0	0.0	0.0	0.0
GAATGCGTCAATTTGCACTTTAGG-1_2	115.41528850109431	87.24001510958573	37.72361596453411	18.304416513769244	0.0	0.0	0.0	0.0	0.0	0.0	0.0	4.042673463801008	19.408408542950493	0.0	0.0	0.0	0.0	0.0
GACAGGGAGGAAGCAAACTTTAGG-1_2	48.09510462892966	64.00480492739895	21.328213624130345	0.0	0.0	48.70120927649718	19.69882392023993	0.0	0.0	5.6555873923740885	0.0	0.0	0.0	0.0	0.0	0.0	0.0	0.0
GACCGTGCAACTAAGTACTTTAGG-1_2	78.15210521969692	65.49545765580693	0.0	0.0	66.76387361989836	0.0	28.578449777228585	0.10470361018257275	0.0	2.3187842627120854	0.0	0.0	0.0	0.0	26.328997273765363	0.0	0.0	0.0
GACTAAATCTGGTCTAACTTTAGG-1_2	119.0682895519148	115.94501623888583	0.0	39.9678959667008	55.950918485267124	0.0	0.0	9.327327003154698	0.0	16.13080670878692	0.0	0.0	0.0	0.0	0.0	5.9923769227211325	0.0	0.0
GACTCAACAGATTGCAACTTTAGG-1_2	115.69071222231928	31.55671754971666	0.0	11.03330078574587	25.42646099056735	0.0	41.772958281376056	0.0	1.101269610412215	0.0	0.0	0.0	0.0	0.0	0.0	30.023962489514737	0.0	0.0
GACTTACGTCATTATGACTTTAGG-1_2	136.59983002516847	40.91050263791185	0.0	0.0	56.68997373490113	2.7406033362786286	0.0	5.900180670397443	32.9075775456176	0.0	21.875934619858995	0.0	0.0	0.0	0.0	0.0	0.0	0.0
GACTTACGTTAACGAGACTTTAGG-1_2	26.02053385556284	57.776297359022095	0.0	5.316164233000217	47.11607342004144	64.66462409626052	8.65273887523909	0.0	0.0	14.10755724671141	0.0	0.0	0.0	0.0	0.0	0.0	0.0	0.0
GAGCAAGCACCATCATACTTTAGG-1_2	61.02425363953279	0.0	41.90122509504258	0.0	0.0	132.3813682918244	18.70381862724193	0.0	60.79465546655187	19.492234426536825	0.0	3.0568611105399013	0.0	0.0	0.0	0.0	0.0	0.0
GAGCTATAGCGCTCCAACTTTAGG-1_2	66.73404937729178	63.96253123183949	0.0	49.15387414129461	49.42079505782408	89.72372280817174	0.0	42.32536502147799	0.0	0.0	0.0	0.0	0.0	0.0	0.0	0.0	0.0	0.0
GAGGAGTAGCAATCGGACTTTAGG-1_2	0.0	0.0	847.2920403431363	0.0	0.0	0.0	0.0	0.0	0.0	3.663516024386372	0.0	0.0	0.0	0.0	0.0	0.0	0.0	0.0
GATATGATCCTGTTCTACTTTAGG-1_2	110.02519536908196	36.217029086079606	29.104644411937795	0.0	5.662917280719274	0.0	42.17154730920007	11.385150079314634	40.19276106274298	0.0	0.0	0.0	26.881419875826452	0.0	0.0	0.0	0.0	0.0
GATCACACACCAACAAACTTTAGG-1_2	180.94295979538313	43.51510971179678	0.0	0.0	105.83917363131698	34.1599010648375	65.93199677795245	0.0	0.0	10.730879346636888	0.0	12.926339155366428	0.0	0.0	0.0	0.0	0.0	0.0
GATGGTAGTGAACGACACTTTAGG-1_2	123.70009109434466	80.23549240271242	43.41181155134264	0.0	0.0	0.0	0.0	6.044056765229083	50.127610021182704	0.0	8.512266469382071	0.0	0.0	0.0	0.0	0.0	0.0	0.0
GATTAGTCAACAGAGGACTTTAGG-1_2	196.2783921760656	28.87924014992775	37.560682190494106	0.0	0.0	0.0	9.278294073077507	11.3901998123354	0.0	12.743428274709148	4.309849675138037	0.0	0.0	0.0	0.0	0.0	0.0	0.0
GCAAATTCAACCGGATACTTTAGG-1_2	112.91956037038634	38.48766504254969	50.233574695309755	74.18279778391188	0.0	0.0	0.0	7.2110794333970185	0.0	0.0	13.65658789642002	0.0	0.0	0.0	0.0	16.275219962001216	0.0	0.0
GCAGCAATCTTGATCGACTTTAGG-1_2	134.523356097338	36.34748966682881	0.0	0.37070969863997344	33.79692149915453	0.0	58.462927272971	0.0	3.1644242673668335	0.0	20.844533180392474	4.906514062479345	0.0	0.0	0.0	0.0	0.0	0.0
GCAGGCTAGGCGATATACTTTAGG-1_2	352.4294189649545	30.87071887951587	0.0	24.132908624755775	27.69104068281299	0.0	0.0	0.0	0.0	0.0	0.0	13.824518547391854	0.0	0.0	0.0	0.0	0.0	0.0
GCATTTGTCGGTTCCGACTTTAGG-1_2	177.61038679780833	30.529654036805958	0.0	8.934101076644534	81.70508606917639	0.0	0.0	0.0	0.0	0.0	0.0	32.20369342648536	14.774401108934542	0.0	0.0	0.0	0.0	0.0
GCGAGCTAGTTTGCATACTTTAGG-1_2	98.40096834639648	115.75013031025613	28.697359525053788	0.0	0.0	0.0	30.530800082208472	0.0	0.0	0.0	11.753372307569526	3.7372794071165125	3.8322918570022035	0.0	0.0	0.0	0.0	0.0
GCGTTACTCCCGCTGAACTTTAGG-1_2	63.64171806845928	54.911185912229854	41.20378065706336	0.0	0.0	13.611603468958265	68.63004235152124	3.135135948483206	0.0	9.602578715468683	0.0	0.0	0.0	0.0	0.0	0.0	0.0	0.0
GCTAACTGTGCTTCGAACTTTAGG-1_2	600.3241668140112	0.0	0.0	1.680290138686364	16.82465604924037	0.0	0.0	0.0	0.0	0.0	0.0	0.0	0.0	0.0	0.0	0.0	0.0	0.0
GCTCACCCATCATGTCACTTTAGG-1_2	81.12251045744168	49.950924698326105	0.0	19.90281023576664	58.39361901421666	16.414924232314153	1.214941312574777	0.0	0.0	29.614772848841984	0.0	15.297354208481126	0.0	0.0	0.0	0.0	0.0	0.0
GCTCACTAGGTATAGCACTTTAGG-1_2	92.50567446799135	51.194713244304275	0.0	0.0	35.19020445969289	0.0	59.05846509507461	22.47786639384426	0.0	0.0	44.9402090488654	0.0	0.0	0.0	0.0	0.0	1.8021858572130571	0.0
GCTCCATAGCCTGCCAACTTTAGG-1_2	125.10800150981751	26.60242119033164	29.00631380593784	17.460137879565455	0.0	0.0	43.101978228133945	16.36602709764685	0.0	0.0	0.0	21.781768575782248	0.0	0.0	0.0	0.0	19.081060219866618	0.0
GCTGGATCACCACACCACTTTAGG-1_2	0.0	975.3484319918331	0.0	5.520850815598108	0.0	0.0	0.0	4.555129306626082	0.0	0.0	0.0	0.0	0.0	0.0	0.0	0.0	0.0	0.0
GCTTACATCGTCAATTACTTTAGG-1_2	117.1637759173707	76.38776777222495	0.0	14.317349981525412	60.539574734362056	4.0273841118210285	0.0	0.0	0.0	0.0	0.0	6.265897634233554	0.0	0.0	0.0	9.28318637887837	0.2099664601834023	0.0
GCTTGATGTTTACGACACTTTAGG-1_2	139.04847043532223	73.59566707678769	0.0	0.0	32.52372836987756	0.0	0.0	10.555370670768324	51.5405961206378	0.0	1.303359049426584	0.0	0.0	0.0	0.0	0.0	0.0	0.0
GGAACCGGTATAGTGGACTTTAGG-1_2	94.31090630660675	73.93961441232827	0.0	0.0	45.0605135420379	6.035091897622491	34.73020944058809	3.6441477171142083	0.0	5.217427872016107	0.0	0.0	0.0	0.0	0.0	0.0	0.0	0.0
GGAAGCCTCGTCCCGAACTTTAGG-1_2	519.1463162151371	36.22051581949548	1.1826907072909074	0.0	0.0	0.0	6.448304314765996	2.829180507905059	0.0	10.352432387159661	0.0	0.0	0.0	0.0	0.0	0.0	0.0	0.0
GGATTGCCAGAATCGCACTTTAGG-1_2	140.8141451079756	58.858562285186565	0.0	59.746705953051425	41.186752592394946	10.248995096072658	0.0	0.0	0.0	0.0	7.452985216298865	6.600848138328674	14.178485804616992	0.0	0.0	0.0	0.0	0.0
GGCAATCCAAATAAGGACTTTAGG-1_2	69.09757638462743	39.423897489910416	0.0	76.08408331047848	37.45256795743793	0.0	0.0	16.96122153473595	0.0	0.0	0.0	0.0	0.0	0.0	0.0	0.0	3.7516187639365386	0.0
GGCATGATCGACTTTGACTTTAGG-1_2	422.3638600623512	26.12460944308337	0.0	0.0	0.0	0.0	0.0	0.0	0.0	0.0	0.0	0.0	0.0	0.0	0.0	0.0	0.0	0.0
GGCATTTGTAATGCCTACTTTAGG-1_2	281.1060908482094	11.248186370032435	25.05100324654151	0.0	0.0	0.0	13.820964999770958	0.0	0.0	0.0	6.928326131156594	0.0	0.0	0.0	0.0	0.0	0.0	0.0
GGCCTTTAGCAGGTTGACTTTAGG-1_2	106.64763954109551	84.96664340302151	0.0	38.10492541285906	13.935682674108028	11.06833933986864	0.0	0.0	0.0	0.0	0.0	5.392892889824269	0.0	21.995361776894374	0.0	0.8543474487967279	0.0	0.0
GGCGAATGTAAACCCTACTTTAGG-1_2	104.57968147141261	20.04075015754367	37.24685774260319	0.0	0.0	0.0	95.7964616678265	0.0	0.0	0.0	30.397590837460175	6.115999173922156	0.0	29.468261179748726	0.0	0.0	0.0	0.0
GGCTGATCAATTGAGTACTTTAGG-1_2	104.13795013694633	27.87912271489013	0.0	37.96940423943193	54.17729235314128	33.18463451309429	22.18419785708887	8.350021543698155	0.0	19.31905493748397	0.0	0.0	0.0	0.0	0.0	0.0	0.0	0.0
GGCTGATCACCTACTGACTTTAGG-1_2	58.7742089001937	61.26828227690321	0.0	94.86440619283388	46.52466086951943	167.2939400108899	0.0	25.243441850329617	0.0	0.0	0.0	0.0	0.0	0.0	0.0	0.0	0.0	0.0
GGCTTAGAGGTTAGGTACTTTAGG-1_2	26.465126416186266	684.0291015931195	19.83282708573245	11.738281005808629	0.0	1.3091728411562933	0.0	6.549707064224808	0.0	0.0	0.0	0.0	0.0	0.0	0.0	0.0	0.0	0.0
GGGATGGAGATAGCTAACTTTAGG-1_2	117.16501264608611	56.81269421241313	0.0	31.900038643326937	45.43852430889878	4.562208200790526	0.0	7.56982763131712	0.0	36.69635491384956	0.0	0.0	2.696546114581134	0.0	0.0	0.0	0.0	0.0
GGTGTGATCCTAAGTTACTTTAGG-1_2	62.13970979849446	80.30383232630786	47.622414901466335	0.0	0.0	0.0	26.88277465747158	7.818393185445061	45.87234581216473	0.0	0.0	0.0	0.0	0.0	0.0	0.0	15.18430538261751	0.0
GGTGTTTGTACGAATGACTTTAGG-1_2	91.18190849367836	33.6974167979907	0.0	0.0	304.4375735425546	0.0	0.0	3.7890783877251715	33.00486674360691	0.0	0.0	0.0	0.0	4.5122533147717965	12.501073480449316	0.0	0.0	0.0
GGTTACCTCGGCTAAGACTTTAGG-1_2	97.83303707401024	52.92818421582099	0.0	69.32349934538827	52.116183037488476	16.439822205169524	0.0	26.351381671599746	0.0	0.0	0.0	0.0	0.0	0.0	2.8243341405967786	6.255257150139485	0.0	9.82619837106157
GGTTGACCAATAGAAGACTTTAGG-1_2	94.13154955609345	60.84620413530633	25.427957161924432	84.14734517563527	0.0	0.0	0.0	0.0	0.0	0.0	0.0	10.610639422171708	51.36059308191653	0.0	0.0	0.0	2.4842331831222593	0.0
GTAACCTGTAACGTGAACTTTAGG-1_2	116.56853968735192	72.46180387461028	16.102050827706655	35.58720764057035	19.03822740632317	19.254983716644563	0.0	0.0	0.0	20.512387431671417	0.0	22.83915359997778	0.0	0.0	0.0	0.0	0.0	0.0
GTACCTATCCTTGTTCACTTTAGG-1_2	78.63862059962024	39.30283873347306	20.791267538560128	0.0	0.0	0.0	0.0	7.944891372414389	79.64826512954899	0.0	0.0	0.0	0.0	0.0	0.0	0.0	22.440103822838186	0.0
GTTAGCGAGCTAAATGACTTTAGG-1_2	528.2419708017686	0.0	0.0	0.0	0.0	0.0	11.06464720760118	0.0	0.0	1.3444465690500278	0.0	0.0	0.0	0.0	0.0	0.0	0.0	0.0
GTTCCATCAGCTCGCTACTTTAGG-1_2	462.8446025813045	0.0	0.0	0.0	10.717917808874041	0.43062696653287924	0.0	3.622074436229105	0.0	0.0	3.9116855415338065	0.0	0.0	0.0	0.0	0.0	0.0	0.0
GTTGGATAGGGCGGTTACTTTAGG-1_2	169.75312245744135	156.04652469661164	50.67434478232501	0.0	0.0	16.149319548445916	0.0	0.6443813750823916	31.42203891591682	0.0	0.0	10.739529326864785	0.0	0.0	0.0	0.0	0.0	0.0
GTTGTTGTCGATTAAGACTTTAGG-1_2	138.42982228009927	31.21536564958936	0.0	35.591948022131284	49.62250773593032	0.0	0.0	0.0	0.0	0.0	4.164211033249479	0.0	0.0	9.378518578396948	0.0	0.0	0.0	0.0
GTTTGGGAGCAAATTGACTTTAGG-1_2	42.47659488195565	18.119420218350626	0.0	56.282635669819214	10.458933152714597	47.56459560923645	0.0	0.0	0.0	0.0	0.0	0.0	0.0	0.0	0.0	0.0	0.0	0.0
GTTTGTCCATTGCCCAACTTTAGG-1_2	801.8609505152684	0.0	0.0	0.0	0.0	0.0	0.0	0.0	0.0	0.0	0.0	0.0	0.0	0.0	0.0	0.0	0.0	0.0
TAACCAAAGCATCTATACTTTAGG-1_2	90.03177079466131	76.6632383219005	0.0	32.97255405116074	50.01221919377354	18.733336872471344	0.0	11.974509476564371	0.0	21.94204097887361	0.0	0.0	0.0	0.0	0.0	0.0	0.0	0.576139976364331
TAACGTTTCAGCATGGACTTTAGG-1_2	54.98650441766416	58.312928502242215	0.0	26.312473157311008	20.058408349977196	84.68248768062611	0.0	45.474658857849214	0.0	0.0	0.0	0.0	0.0	0.0	34.259841665938964	0.0	0.0	0.0
TAAGGTTCAGCAATTGACTTTAGG-1_2	101.64872305488548	39.27142465206402	0.0	80.61508391819753	27.42697024899956	0.0	0.0	4.399339280432628	0.0	0.0	0.0	0.0	35.82204184767887	0.0	0.0	0.0	7.5283878268487765	0.0
TACCAGCTCATAATGGACTTTAGG-1_2	556.5619402556976	0.10153293409561243	0.0	0.0	25.387487049615984	6.58176764158713	0.0	0.0	0.0	0.0	0.0	0.0	0.0	0.0	0.0	0.0	0.0	0.0
TACCCGGTCTGTGACCACTTTAGG-1_2	588.927158005449	0.0	0.0	0.0	0.0	10.202975319938679	0.0	0.0	0.0	3.9697940980522466	0.0	0.0	0.0	0.0	0.0	0.0	0.0	0.0
TACCTGCAGACAGACTACTTTAGG-1_2	411.53589563922685	0.0	33.61918890138781	16.009752649274386	0.0	1.6656203555384679	0.0	0.0	0.0	0.0	0.0	5.501687689254248	0.0	0.0	0.0	0.0	0.0	52.06802753623487
TACCTTTGTTAACCACACTTTAGG-1_2	92.4431368324179	78.6246121179401	0.0	27.03109790112581	40.32103516958941	20.622689572665305	0.0	4.420218553257689	0.0	0.0	0.0	0.0	0.0	0.0	0.0	0.0	0.0	0.0
TACTCACCATCACGAAACTTTAGG-1_2	446.84153400512145	9.639486942564341	0.0	0.0	9.275911006001536	0.0	0.0	0.0	22.93178903214225	3.0825856243941496	15.371343950414609	0.0	14.818796426966303	0.0	0.0	0.0	0.0	0.0
TAGTCTCCAAGCGATCACTTTAGG-1_2	0.7622346072005695	0.0	34.46442802083946	0.0	0.0	0.0	415.3593789887195	0.0	0.0	5.811941552632266	9.455019746450725	20.18330627747232	0.0	0.0	0.0	0.0	0.0	0.0
TAGTTGTTCCGGATAGACTTTAGG-1_2	0.0	0.0	684.6640529456675	0.0	51.4246773432937	0.0	0.0	0.0	0.0	0.0	0.0	0.0	0.0	0.0	0.0	0.0	0.0	0.0
TATACCTAGAAACCCGACTTTAGG-1_2	472.6233550281304	0.0	29.45524669872924	0.0	0.0	0.0	25.798399963578916	0.0	0.0	0.0	0.0	9.45932911365998	0.0	0.0	0.0	0.0	0.0	41.41447323302875
TATATCCAGGCTTAAAACTTTAGG-1_2	129.97066447033725	17.70132157870627	52.21842347300923	99.205358241365	0.0	0.0	0.0	8.06220870579987	0.0	0.0	0.0	0.0	34.05176333194169	0.0	0.0	0.0	0.0	0.0
TATCGCTCACCACAAAACTTTAGG-1_2	142.57477228211252	111.35691033190069	0.0	49.714803644095724	37.3775574068034	1.8699739879215491	0.0	37.19015535726198	0.0	0.0	0.0	0.0	0.0	0.0	0.0	0.0	0.0	0.0
TATGACTTCATCCAGCACTTTAGG-1_2	171.27074018288096	47.8905391667739	26.128005884860677	0.0	0.0	0.0	24.60208956274103	0.0	0.0	0.0	22.434697665816632	7.346594258087839	5.741773357328527	0.0	0.0	0.0	0.0	0.0
TATGTCCCATGAGCTAACTTTAGG-1_2	0.0	0.0	16.261107023886986	32.24685351937142	0.0	615.0527392164405	0.0	0.0	0.0	0.0	0.0	44.0029713315421	0.0	0.0	0.0	0.0	0.0	0.0
TATTGCCCAAGTTGCAACTTTAGG-1_2	73.47238724422112	55.48251154721071	0.0	166.3540708615963	65.03883821400841	3.172069437870781	0.0	5.6827771905261715	0.0	0.0	0.0	0.0	0.0	0.0	16.43702058421408	0.0	0.0	0.0
TCAACTAGTGCATCGCACTTTAGG-1_2	72.20803323946788	33.190244272156775	0.0	34.70394627546325	41.517864409336454	94.99998576948674	0.0	3.067473991311341	1.2040288879746937	0.0	0.0	0.0	0.0	0.0	0.0	0.0	0.0	0.0
TCAATGGCATTTGCTAACTTTAGG-1_2	57.330262556523095	38.88888048660203	16.550774536840365	0.0	0.0	0.0	0.0	13.73909005070667	40.360471084793176	0.0	62.77211057001109	0.0	0.0	0.0	0.0	0.0	0.0	0.0
TCACTCGCACCTACTGACTTTAGG-1_2	86.76686515799003	60.780444309574946	37.820466990621675	0.0	0.0	0.0	13.656846657659868	0.0	10.775839364767414	10.006168587076116	0.0	6.785485029299674	0.0	0.0	0.0	0.0	0.0	0.0
TCATGAAAGCTCAAGGACTTTAGG-1_2	47.87971484442379	36.02829747141288	28.727416226770732	35.855307993715115	0.0	0.0	0.0	10.643068024612234	0.0	56.66814663076909	179.8418589753088	0.0	0.0	0.0	0.0	14.377567836486456	0.0	0.0
TCCAAGTGTAATGCGAACTTTAGG-1_2	0.0	0.0	908.7308341128388	0.0	0.0	0.0	0.0	17.842094709230043	0.0	0.0	0.0	0.0	0.0	0.0	0.0	0.0	0.0	0.0
TCCATTACATAAGCTGACTTTAGG-1_2	50.20982431367848	58.96591647616171	0.0	0.0	19.350990606911598	107.51830765632246	67.76334290670306	0.0	0.0	0.0	32.96878423910156	39.16751721351322	0.0	0.2909909632330196	11.9865167377143	0.0	0.0	0.0
TCCTTCTAGTTGACGGACTTTAGG-1_2	42.4246576044807	50.256374329360725	0.0	45.71232065077728	62.86848028152519	111.0963355969359	0.0	5.433482949495332	0.0	0.0	0.0	0.0	0.0	0.0	0.0	40.25268626279617	0.0	0.0
TCGCGCTCATAATGACACTTTAGG-1_2	171.99743723038134	52.01266669456503	62.8928614012355	0.0	0.0	0.0	78.61820518901656	28.609731155155224	31.13507823489934	0.0	0.0	3.2718053062547243	8.736921080713046	0.0	0.0	7.643633785482085	0.0	0.0
TCTAACAGTTTCAGGTACTTTAGG-1_2	137.8065361776389	74.07415018805744	0.0	54.91379404089044	40.07770995161227	0.0	0.0	12.280332785777635	0.0	0.0	0.0	0.0	0.0	0.0	11.896464197274446	0.0	0.0	0.0
TCTCGCCTCCTTTGGAACTTTAGG-1_2	93.59988204178853	72.32905183448871	40.80448086339722	33.917804183278626	0.0	11.129994053362935	0.0	0.0	0.0	21.223093402102318	0.0	7.489260318397626	0.0	0.0	0.0	0.0	0.0	0.0
TGAACCTGTGTTAGCTACTTTAGG-1_2	130.40535653335996	38.22018257488197	50.34663860536086	46.540080810939834	0.0	0.0	0.0	17.172996404149394	0.0	0.0	0.0	0.0	21.091052790636173	0.0	0.0	0.0	0.0	0.0
TGAAGGAAGGTTATGAACTTTAGG-1_2	52.031304398592354	32.79269635000195	0.0	5.107803584585183	26.89191781596747	203.93311026878848	0.0	29.264797926728136	53.863342294411225	11.027636874509762	0.0	0.0	0.0	0.0	0.0	0.0	0.0	0.0
TGATTTGGTATTGCGTACTTTAGG-1_2	410.4234269006424	58.959637534808884	27.536476149685527	0.0	0.0	0.0	20.229471045204225	1.379801532693692	0.0	0.0	0.0	0.0	0.0	0.0	0.0	22.216756120319374	0.0	0.0
TGATTTGGTTTGTCCCACTTTAGG-1_2	159.34860406275217	77.06905867275667	39.65421467511092	0.0	0.0	0.0	0.0	0.0	46.37244252383234	0.0	20.07323885444057	0.0	0.0	0.0	0.0	0.0	0.0	0.0
TGCCGGTGTACGTAAGACTTTAGG-1_2	0.0	0.0	0.0	0.0	5.905528252603301	783.8570400609747	0.0	0.0	0.0	8.767422355581166	125.11007715888233	0.0	0.0	0.0	0.0	0.0	0.0	0.0
TGCGCTAGTAAACCCTACTTTAGG-1_2	111.12369848597694	84.5960183267686	39.87025799481881	0.0	0.0	0.0	0.0	14.365573681858672	32.340991996227345	0.0	0.0	0.0	0.0	0.0	0.0	0.0	18.78937559348671	0.0
TGCGCTAGTAACTACCACTTTAGG-1_2	118.46852444096095	61.500633955760975	22.00121774843312	0.0	0.0	0.0	0.0	9.633447228270049	37.20213924700387	0.0	0.0	0.0	0.0	0.0	0.0	0.0	0.0	0.0
TGCGCTTAGGTCTTGCACTTTAGG-1_2	122.71232219259404	77.61921038486943	44.60274250629915	76.69594137896473	0.0	0.0	0.0	0.0	0.0	0.0	14.785682289291591	0.0	0.0	0.0	0.13202070059210066	0.0	0.0	0.0
TGCGGAATCCTAAGTTACTTTAGG-1_2	24.195473790512512	12.39366634999034	0.0	5.277433810135822	621.8106106569702	22.169661793992315	0.0	0.0	0.0	0.0	0.0	0.0	0.0	0.0	0.0	0.0	0.0	0.0
TGCTTAAGTTCGAATCACTTTAGG-1_2	99.69784244798134	54.34318547401783	27.026636794699545	66.63460353795858	0.0	16.275237407751483	0.0	20.365890810198383	39.37313295517915	0.0	0.0	0.0	0.0	0.0	0.0	0.0	0.0	0.0
TGGAAACTCGAAGTTAACTTTAGG-1_2	106.73913858459943	55.54314338343008	15.258911852041573	0.0	0.0	0.0	58.509793385210585	0.0	0.0	0.0	0.0	32.80710633510031	10.996690286949653	0.0	0.060009470694320256	0.0	0.0	0.0
TGGATCGAGCAAAGCTACTTTAGG-1_2	51.407332690056364	39.72568777306603	0.0	16.534257706450344	51.14484405244333	67.02833124212859	13.325751937492269	0.0	0.0	0.0	0.0	0.4665604164344633	0.0	52.26227795249179	0.0	0.0	0.0	0.0
TGGCGTGCATATAGGTACTTTAGG-1_2	76.14053369690555	68.49827822118165	43.96243846716352	0.0	3.5883711065664827	18.850786821417543	0.0	35.70754653689906	60.040310851453185	0.0	0.0	0.0	2.467170024872086	0.0	0.0	5.829346670107695	35.956978801560254	0.0
TGGGTTTGTAGGTTTCACTTTAGG-1_2	574.0171639981759	0.0	39.97992318062922	10.877551098718989	0.0	0.0	0.0	0.0	0.0	0.0	5.2623239458825	0.0	0.0	0.0	0.0	0.0	0.0	0.0
TGGTCAACAAGTTGCAACTTTAGG-1_2	101.40675782826044	45.222211705075004	0.0	0.0	56.46210437139259	22.568440007610064	55.23682388833024	3.162671839199062	0.0	35.700392239462424	0.0	0.0	0.0	13.361923936028253	0.0	0.0	0.0	0.0
TGGTTAAAGTAGCGCAACTTTAGG-1_2	483.1154819557842	77.76589582837069	0.0	0.0	0.0	0.0	0.0	5.581943132861163	0.0	0.0	0.0	0.0	0.0	0.0	0.0	0.0	0.0	0.0
TGTGCTGGTACTAACCACTTTAGG-1_2	43.26891973278021	22.937017859406915	0.0	25.51483895695644	52.42436698912746	188.43021461187988	51.12937332056024	25.80577074858951	0.0	0.0	0.0	0.0	0.0	0.0	2.060124510071203	46.45792831049638	0.0	0.0
TGTTAGTTCAGGCTGAACTTTAGG-1_2	158.91489459099162	58.842692381204245	0.0	74.59265193276296	60.45931672166404	10.179277864008988	0.0	3.2550087904186538	0.0	0.0	0.0	0.0	11.166446790084468	0.0	0.0	0.0	0.0	0.0
TGTTCCTTCGTCCCGAACTTTAGG-1_2	721.010998969518	0.0	0.0	0.0	0.0	0.0	0.2445881532234741	12.128718168152519	0.0	0.0	0.0	0.0	0.0	0.0	0.0	0.0	0.0	0.0
TGTTCTTGTTATGTGCACTTTAGG-1_2	128.65300158604552	26.532495941046378	0.0	0.0	29.265046846232963	8.36809726467428	0.0	0.21961536727837241	29.136037203809675	21.587087043254847	0.0	0.0	0.0	29.22246505129256	0.0	0.0	0.0	0.0
TTAGAGCAGAATGGGAACTTTAGG-1_2	145.48701703723907	69.08732834142208	70.34787518043599	67.08290383168091	0.0	0.0	0.0	10.017184773994465	0.0	0.0	0.0	0.0	0.0	0.0	0.0	3.21170280123978	0.0	0.0
TTAGCGGAGGTGAATCACTTTAGG-1_2	0.0	0.0	0.0	0.0	0.0	0.0	1166.74791864734	0.0	44.08156496792562	0.0	0.0	0.0	0.0	0.0	0.0	0.0	0.0	0.0
TTAGGTGCAAGCCTAAACTTTAGG-1_2	74.9690539990965	111.82485448431399	0.0	28.558156728271356	36.99775078620017	4.364168401133853	0.0	11.115851478725737	0.0	0.0	0.0	0.0	0.0	0.0	0.0	11.465817079381432	0.0	0.0
TTAGGTGCATAAGTCGACTTTAGG-1_2	84.22789331953334	64.06032686061987	0.0	40.99830880178556	45.95309738230327	8.978259718443274	0.0	0.0	0.0	30.515862424302266	0.0	13.677789994854047	0.0	0.0	0.0	0.0	0.0	0.0
TTAGTTGGTATTACCAACTTTAGG-1_2	109.22377010040248	50.662371902038615	53.901012169705034	32.858206306168924	0.0	10.187104403966986	0.0	0.0	0.0	0.0	0.0	4.165376419945715	0.0	0.0	0.0	0.0	0.0	0.0
TTCAACTAGTCACCTAACTTTAGG-1_2	666.0335326983129	0.0	0.0	0.0	0.0	0.0	0.0	0.0	0.0	0.0	0.0	0.0	0.0	0.0	0.0	3.067970028891591	0.0	0.0
TTCCTCCCACTTCGATACTTTAGG-1_2	57.20948199403987	91.12644443392804	30.432533728646675	0.0	0.0	0.0	15.75536238775318	18.758775235887722	0.0	0.0	114.71553678881594	0.0	82.95137036400533	0.0	0.0	0.0	0.0	0.0
TTCGATTAGCAGGCTAACTTTAGG-1_2	357.3184172040826	0.10569813523996803	31.53389874578495	21.396798796473693	0.0	0.0	0.0	28.75764121699837	0.0	0.0	0.0	0.0	8.010175727754437	0.0	0.0	0.0	0.0	0.0
TTGAACAAGTTTGAGAACTTTAGG-1_2	88.05552709083688	36.519692051787096	0.0	0.0	16.48861339761804	110.36112230204662	26.46226590398517	0.0	8.209848443046601	0.0	0.0	9.338228561148556	0.0	0.0	0.0	0.0	0.0	0.0
TTGACATTCACAAACAACTTTAGG-1_2	82.44537357244282	57.920096145126855	37.77450290799033	0.0	0.0	0.0	7.025279449901972	0.0	31.196576858437023	0.0	14.41241438305951	0.0	0.0	0.0	4.54549498716506	0.0	0.0	0.0
TTGAGGAGTCACACCAACTTTAGG-1_2	106.80373867181397	108.77821275612185	37.35117230365317	28.500668189942527	0.0	8.539738219045688	0.0	9.788248036708435	0.0	0.0	0.0	0.0	0.0	0.0	0.0	0.0	0.0	0.0
TTGAGGAGTTGCGGCTACTTTAGG-1_2	132.31717324030345	125.76367421826224	48.29090289629049	58.53410877100048	0.0	4.956776274318716	0.0	0.0	0.0	0.0	0.0	0.0	0.0	0.0	0.0	10.746838771097254	0.0	0.0
TTGTTGTAGTGAATCAACTTTAGG-1_2	49.58142068178099	103.17650992131699	0.0	29.606449309629788	42.60797929973221	113.55622813961416	0.0	13.20934459599266	0.0	0.0	0.0	0.0	0.0	0.0	31.999145350209844	0.0	0.0	0.0
TTTAGTCAGTTACAGAACTTTAGG-1_2	111.05806230668612	24.95002215657843	64.0425536577483	53.37200939203854	0.0	0.0	0.0	4.146238119712405	0.0	0.0	27.89074543553363	0.0	0.0	0.0	0.0	0.0	0.0	0.0
TTTCACCTCCTAAATCACTTTAGG-1_2	117.61992999155372	59.68139145036627	0.0	60.07041327407243	32.81925210492836	0.0	0.0	0.0	0.0	7.945239777762362	0.0	0.0	0.0	0.0	0.0	0.0	0.0	0.0
TTTCACCTCGTTGCACACTTTAGG-1_2	86.29746599969486	55.65554147188652	41.61799673755244	32.786199684353626	0.0	0.0	0.0	19.923023689873844	0.0	0.0	7.433143057190404	0.0	0.0	27.79136664400449	0.0	0.0	0.0	0.0
