	1	2	3	4	5	6
AAAGCGAAGCGATAACACTTTAGG-1_2	0.0	654.8948138712509	18.67528271323405	0.0	0.0	35.371777279006594
AAAGGTACAGCCCTTAACTTTAGG-1_2	0.0	719.4156137936608	2.986296891987547	0.0	0.0	0.0
AAATCACCAATCATCCACTTTAGG-1_2	43.07536773689082	385.48252901332654	19.949251175593776	1.6682439936574973	56.785796963605016	28.224572628765433
AAATGAGCATTTGTTGACTTTAGG-1_2	0.0	0.0	0.0	0.0	832.3510308457503	5.418113986555772
AACCAACAGGACACGCACTTTAGG-1_2	440.4618836751061	46.67319301805668	71.45454881112757	16.532711493389193	38.912834127189306	23.381251789883905
AACCTCATCGAACCTCACTTTAGG-1_2	489.94098511812916	83.7414794731905	0.0	0.0	11.908233560454006	10.057858675385754
AACTGAGGTGCTCCAAACTTTAGG-1_2	189.0690421663637	98.52792391486578	144.68235387977364	30.506158569880593	15.288625355749998	55.25052169975515
AAGACAACAAATAGGAACTTTAGG-1_2	0.0	880.6913987950745	0.0	0.0	0.0	0.0
AAGCCTCTCAATTGGAACTTTAGG-1_2	348.84225425940025	80.2721797971594	161.18860028547581	0.0	0.0	10.041512574359668
AAGCCTGAGTTAGTTCACTTTAGG-1_2	318.08383409022167	89.39829896597091	163.47023681157518	0.0	203.89141230338208	32.222208577709814
AAGCGGCTCTAATCACACTTTAGG-1_2	24.82221068194788	118.02639700910095	523.295007665365	35.439101709072574	14.374095515092577	11.795177967241555
AAGGGAGGTGGTTACTACTTTAGG-1_2	0.0	0.0	0.0	785.495199260314	248.53927965463035	0.0
AAGGGAGGTTGTTCCCACTTTAGG-1_2	0.0	180.84176193432617	28.896018483556063	0.0	0.0	371.2623198241641
AAGGTTGGTATGGTCTACTTTAGG-1_2	41.16916795449265	610.3312875428403	17.47660397665004	0.045892262882569784	17.751237368836158	0.0
AATACTGAGGTCAAGTACTTTAGG-1_2	10.45708663509966	701.4154187844136	0.0	0.0	0.0	1.299030170853836
AATCACGCATCCTTGGACTTTAGG-1_2	0.0	0.0	833.2311730103887	0.0	0.0	0.0
AATCACGCATTTGGCTACTTTAGG-1_2	212.102416154027	135.7613429898154	123.0418319057165	4.732525304163481	133.71706941174284	71.20068362826903
AATCGCGAGGTTGCAGACTTTAGG-1_2	0.0	36.052182168575264	468.7589297454413	0.0	13.432595855655357	0.0
ACAGCGGGTTGCGCTAACTTTAGG-1_2	556.1558149654552	0.0	54.09886075757671	10.974229121431417	7.268067302890776	30.225997810841257
ACATACTTCTGGAAACACTTTAGG-1_2	680.5727152450991	0.0	0.0	0.0	0.0	1.5809596814073261
ACCAATCGTTCACTCCACTTTAGG-1_2	7.51814092763512	732.5318963636507	14.79822197083716	0.0	33.53385539475231	28.231046434296434
ACCACGTTCGGGACTAACTTTAGG-1_2	616.0370115748711	19.253616356928198	11.065407241741156	0.0	3.18968768968671	9.222565183653474
ACCGGCTGTTTCCTCAACTTTAGG-1_2	6.852237447466662	374.593453829649	130.4142605945027	4.025936705270425	0.0	55.80522895641513
ACCTCTAAGGTAGTTAACTTTAGG-1_2	413.2498416684336	89.3120362865835	57.949025427152456	25.183235400538674	6.939897026832316	12.698192988808097
ACGGTAAGTCAAAGGCACTTTAGG-1_2	553.629772581905	0.0	0.0	7.988822463309223	0.0	0.0
ACTAATGAGGAAACTCACTTTAGG-1_2	0.0	518.0529198890794	16.042535827230232	7.557842487871244	5.275199457237257	1.4098567767306778
ACTACAAAGGATTATGACTTTAGG-1_2	39.06470810637254	0.0	636.3558511557698	0.0	3.9672695230832393	4.094145766317787
ACTACTAGTTTGAGCTACTTTAGG-1_2	29.242804851194823	188.99260322215517	0.0	0.0	0.0	356.26945748048394
AGAAGCAAGTCGTTCAACTTTAGG-1_2	94.89733744337822	571.393562331854	0.0	7.082085451952412	3.8660721806908387	0.0
AGAAGGTCAGGCTATAACTTTAGG-1_2	0.0	1045.2724930261413	0.0	0.0	0.0	0.0
AGACACTAGCTAGATAACTTTAGG-1_2	980.1384903724318	0.0	0.0	0.0	0.0	0.0
AGATTAGTCAACCTCAACTTTAGG-1_2	481.5710223049781	0.0	0.0	117.99418545383672	133.67881175312962	12.152571853376047
AGCATCCTCATGGAACACTTTAGG-1_2	664.028168138377	0.0	0.0	0.0	0.0	0.0
AGCCATTGTAATCCTAACTTTAGG-1_2	46.497378351333175	393.68899531892333	78.85325101336839	0.0	0.0	0.12103228026177285
AGCTAAATCGGGACTAACTTTAGG-1_2	0.0	17.09844986874208	609.6131947602249	5.032248749752361	0.0	4.792502983597012
AGCTACCTCCGGATAGACTTTAGG-1_2	622.7750546989184	0.0	26.660729382225977	0.0	0.0	0.0
AGCTATGCAAATACCGACTTTAGG-1_2	545.4854492467971	16.24611258348103	28.472939777689252	22.31094259396898	0.0	5.8382754650104705
AGCTGGCAGGTGAATCACTTTAGG-1_2	564.2832143109997	42.31471572716799	31.99009663490818	5.04680786956173	15.307560976281717	26.29029504873247
AGGGACCTCAGTTAGAACTTTAGG-1_2	15.667078306454323	0.0	711.7813997556548	0.0	24.209079044057024	12.948048110879911
AGGGTGGAGGCCTTCGACTTTAGG-1_2	497.52928575196205	21.702220912656	40.84826028946941	5.846700294027809	16.370337054850143	13.090661393729949
AGTAAACGTGACACAAACTTTAGG-1_2	77.52826273312532	541.0395246543983	42.75282455529695	0.0	19.41014853801415	13.420213150526566
AGTAGGCGTACAAACGACTTTAGG-1_2	0.0	725.6495963902302	0.0	1.0485663915761951	10.830142497806582	10.657589881083204
AGTGACCCAGAATCGCACTTTAGG-1_2	40.16440248658015	101.6091265963642	449.47532385338945	16.02662141443588	0.0	110.60183620841237
ATAACCAAGGTGAGCCACTTTAGG-1_2	0.0	583.6270506916253	67.31079308437455	0.0	9.548904188898273	0.0
ATAAGCCAGAGCAACTACTTTAGG-1_2	4.458998487458358	0.0	705.2577425590767	15.067814823557182	0.0	0.0
ATAGAAGCAGTGAGGAACTTTAGG-1_2	445.9215968870781	66.56528002134884	84.38412221423886	22.78926498864454	11.831422414395607	33.12857033888069
ATATAGCCATGGGTTAACTTTAGG-1_2	2.574471270215204	0.0	686.8097036324907	0.0	0.0	0.0
ATATCGAAGGGTTTGGACTTTAGG-1_2	231.63389366626538	113.93628336994404	90.97316976452284	0.0	144.60887158108028	104.36641101865595
ATCAGGTAGAAACTCAACTTTAGG-1_2	0.0	0.0	555.4108068308117	0.0	0.0	0.0
ATCGCGCGTTTACCGGACTTTAGG-1_2	8.050116711306643	0.0	0.0	0.0	0.0	778.2033995400635
ATCGCTCAGGAACCATACTTTAGG-1_2	256.47888508582145	9.158325062248554	19.060291283840247	443.5440461411028	0.0	8.730730487945808
ATCGGGCAGGACAACTACTTTAGG-1_2	12.494122310561643	92.65047273734028	193.00053756149086	58.26748779686691	109.32346579406915	22.771119446901253
ATGAAAGCATTTGTTGACTTTAGG-1_2	652.2985051901034	23.20201500719681	0.0	0.6406459472816327	0.0	0.0
ATGAGGAAGTCTGTGCACTTTAGG-1_2	81.16861416546513	445.8396269473606	107.02655505691645	49.00392976097102	2.493733359112178	0.0
ATGGCCTTCCAAAGGTACTTTAGG-1_2	32.68022664809637	438.4485437451858	140.3619268870217	9.43181871409094	29.580347167946236	9.071166332685682
ATGTGGGTCCGCCTCTACTTTAGG-1_2	0.0	833.2595560244084	0.0	9.381934800500437	34.24880057144823	10.633237881096184
ATTATGGAGTGTTTGTACTTTAGG-1_2	542.8815237398335	0.0	14.898167836572403	0.0	12.570166676440438	0.0
ATTCGATTCTAAATCCACTTTAGG-1_2	360.6838702697926	52.99124618867495	120.58090622288265	0.0	67.77397999183832	53.22587109736303
ATTGATGAGCAGGCTAACTTTAGG-1_2	0.0	166.3183526421887	102.41360116395583	129.4223829228771	103.77370678257222	31.538666668391944
ATTTAGGAGGAAGCCCACTTTAGG-1_2	619.3513097861975	0.0	0.0	0.5686009612497507	0.0	0.0
CAAGCGATCTAATCACACTTTAGG-1_2	0.0	609.3366542504908	27.911806901219613	0.0	36.93473874230565	18.205296042846108
CAATACTTCTATGCATACTTTAGG-1_2	0.0	710.2570948992319	0.0	19.388784281429984	0.0	3.3771717570458626
CACAAGCCAGGCAACTACTTTAGG-1_2	978.7377139246281	0.0	0.0	0.0	0.0	0.0
CACGTTATCCCAGACTACTTTAGG-1_2	0.0	0.0	895.4753550475659	0.0	0.0	0.0
CAGCTGGCAGTTATGGACTTTAGG-1_2	0.0	799.5561621582752	0.0	20.112844768468516	10.096247804870158	0.0
CAGGGCAGTCAATCGTACTTTAGG-1_2	91.34721954285058	438.6540522825719	11.928027490847352	48.93597891848451	29.13757093304396	21.328124954574427
CAGGTTCTCGCTCAGTACTTTAGG-1_2	0.0	651.2819761613341	0.0	24.681780484838225	6.438831871586267	0.0
CAGTATTTCCTGGAAGACTTTAGG-1_2	41.90129627417522	104.11132286807063	415.07409275027646	0.0	45.35845596399607	29.47838514468623
CAGTGTGAGGTGAGAAACTTTAGG-1_2	580.8580189078156	24.71600929374139	0.0	0.0	0.0	0.0
CATCCTTTCACCTAATACTTTAGG-1_2	0.0	864.2824146563786	80.61450352288654	0.0	0.0	0.0
CATTAGCGTATTTCGAACTTTAGG-1_2	109.92247305503301	560.6932885328906	1.2512668391312616	0.0	0.0	0.0
CCAAGACCACTTCGATACTTTAGG-1_2	962.4687154644473	0.0	0.0	18.583038779400713	0.0	0.0
CCAAGTGAGCCATAAAACTTTAGG-1_2	141.9716322862174	101.37327527197934	86.87889683995213	174.59091310914175	60.153674175256796	0.0
CCACATTCAGTAATACACTTTAGG-1_2	118.27496634266154	224.8473716531291	127.35133929721528	19.953272805692347	25.863284877534678	16.304442976563074
CCACTAATCGATTCTGACTTTAGG-1_2	0.0	0.0	0.0	1343.9888045810405	0.0	0.0
CCACTAATCGGGCAACACTTTAGG-1_2	0.0	0.0	564.7941895243856	5.382546401524891	0.0	8.120889035121476
CCAGGTTTCAACTTGTACTTTAGG-1_2	14.56447440116036	11.371339910118751	462.94607754143163	9.618921986589724	0.0	0.0
CCATCAGGTTGCACTGACTTTAGG-1_2	0.0	251.9386220317701	8.796815937490186	37.63393736383284	0.0	326.81694595844755
CCATTCGCATTGCCTGACTTTAGG-1_2	575.9380419810345	3.9049346239991207	11.745973017913956	13.617023157695268	51.8865590689238	9.102281237363426
CCCACTTGTAAACCCTACTTTAGG-1_2	45.996430222435265	366.30117088928586	126.41811615031588	8.69887885309961	0.0	70.03151981382271
CCCTGTTGTTAGCATCACTTTAGG-1_2	342.1566749785642	57.46019554858759	107.4928806677043	11.730397979895914	6.937820689414605	25.216716944533506
CCGGTACGTTGAGTCTACTTTAGG-1_2	570.1793594632595	29.612723866410736	0.0	13.503786357339832	20.214767157824717	9.979340898496934
CCTCAATCAACATAGTACTTTAGG-1_2	12.390642645275292	8.843091553830414	587.1625030854357	0.9946958108446262	0.5014464814611564	0.0
CGACTTTCAAATCACGACTTTAGG-1_2	273.7160102937479	35.78887160593221	31.95742951133913	42.209201489796925	23.05064598024245	36.8907514128295
CGATTGACACGGTAACACTTTAGG-1_2	0.0	8.640180069539936	597.1948173028275	0.0	0.0	18.835856071359487
CGCACATTCATTGCATACTTTAGG-1_2	128.6310975765918	59.39592531016729	87.30904916337637	17.449059537753634	103.31230245879334	16.058837953103275
CGCAGCACACTAGTAGACTTTAGG-1_2	880.2986729603664	0.0	0.0	0.0	0.0	0.0
CGCGACACAAGCGAAGACTTTAGG-1_2	23.50482925898614	602.4564154097095	0.0	0.0	0.0	0.0
CGCTGGACATGTGGCGACTTTAGG-1_2	22.729412924159455	781.3025883685265	63.011834245962305	0.0	7.112503621722316	0.0
CGGAACCAGTCTAACTACTTTAGG-1_2	656.1668224313078	0.0	47.86826262299593	0.0	225.75928135481877	50.64655271909683
CGGTCAAAGGCGAGAGACTTTAGG-1_2	0.0	507.48813286554	98.39291376604513	0.0	29.70038628020802	1.658804442160405
CGTAATCGTGGACACGACTTTAGG-1_2	56.090297894407065	126.8972784088312	58.220449326739995	70.29515137330384	39.34985466392742	129.07569507671369
CGTAATTTCCTGGAAGACTTTAGG-1_2	672.5683408876899	0.0	0.0	0.0	0.0	0.0
CGTGTCCCATTGCATCACTTTAGG-1_2	596.5901804899453	0.0	0.0	15.102077373591163	12.51416893364016	0.0
CGTTATGTCGCCTCGAACTTTAGG-1_2	0.0	0.0	0.0	0.0	882.9979519137115	0.0
CGTTTGGGTGACCTTGACTTTAGG-1_2	72.58481154770942	46.40278746839144	463.08255006547824	0.0	2.905302505316736	9.990241610533376
CTAAGTGCATCCGCTAACTTTAGG-1_2	0.0	0.0	760.9942802827923	0.0	0.0	0.0
CTACCCACAAGTTAACACTTTAGG-1_2	0.0	0.0	0.0	1030.1637397869972	452.4311915001887	0.0
CTATCCGCAGCAATTGACTTTAGG-1_2	232.38460364118788	88.02027265538229	58.81658396329896	16.31656230245481	35.107558524646365	40.430470651507854
CTATGCTCAATGTGGCACTTTAGG-1_2	0.0	43.79816710249052	14.072900100957453	0.7791432251950161	0.0	637.9358145093415
CTATTACAGCCACTCGACTTTAGG-1_2	0.0	0.6154719966403456	539.4044769858479	14.053266469375096	11.478596533262223	19.017648236911263
CTCAACATCCAAATAGACTTTAGG-1_2	15.721420580169141	633.7232356267612	21.346987260539457	0.0	0.0	4.442692150746913
CTCATTACAAGCTTTCACTTTAGG-1_2	0.0	502.9087672973575	222.03783448226446	0.0	0.0	0.0
CTCCATCGTTTGTTGAACTTTAGG-1_2	106.87563342647687	3.371868504368384	521.2440450380844	0.0	72.05555275701266	5.3276392210731025
CTGATCCAGCACGTTCACTTTAGG-1_2	620.2272780804457	62.80977167290019	1.8853362876945938	0.0	0.0	22.31893109058313
CTGCAACTCAGGGATTACTTTAGG-1_2	16.983809815566655	8.321508975403619	614.5617325617789	0.0	0.0	0.0
CTGGTTATCTCTCGCCACTTTAGG-1_2	45.060917900871736	408.33278823165193	23.97966354755432	39.01533531408649	0.0	6.010734346519366
CTGTTTACACCATCCAACTTTAGG-1_2	10.297154684114622	744.5441302458212	16.876885592176205	73.18221772894287	0.0	0.0
CTTCAATAGGTAAGCTACTTTAGG-1_2	0.0	806.0194526364651	0.0	0.0	0.0	228.21082967796661
CTTGCTGCACATGAATACTTTAGG-1_2	12.470409149954982	40.81744676374133	1.4387673558712812	735.00160518324	0.0	23.971246140968326
CTTTAACAGGGTTTCCACTTTAGG-1_2	3.016352624289024	319.17588506222637	221.2763391121484	1.7306510926455188	0.0	59.122578090080836
CTTTAACAGTCGAAGTACTTTAGG-1_2	489.3266709529857	21.14886891533802	46.234209892316535	0.0	33.46967943665864	8.905539165563862
CTTTCGTTCGCAACGAACTTTAGG-1_2	49.64678507122473	630.5462022512195	0.0	0.0	19.35365387972031	0.0
GAACAATGTCAGGATAACTTTAGG-1_2	9.198791366466267	0.0	26.016409967164996	0.0	0.0	650.8295058574048
GAAGAATAGCTTAAAGACTTTAGG-1_2	649.4571393481754	0.0	0.0	0.0	2.24599555401498	18.344265868000463
GAAGTATGTGCGGCTTACTTTAGG-1_2	553.0802035677744	35.882299309848214	37.3184263914696	1.2808759723051621	1.226841744887269	0.25618106719459294
GAATGACTCTGGTCTAACTTTAGG-1_2	2.461569233509933	85.74779673463537	2.626203638261768	451.0992907948452	37.35989239383444	33.79128923921658
GAATGCGTCAATTTGCACTTTAGG-1_2	680.723902397729	0.0	3.0769331050525612	0.0	0.0	0.0
GACAGGGAGGAAGCAAACTTTAGG-1_2	182.04746081934462	20.87917628118467	22.578815731168046	153.749524853675	15.947251565034383	4.256321366778197
GACCGTGCAACTAAGTACTTTAGG-1_2	495.4487221052237	14.43116001000588	1.2853431699682885	1.1872104535551729	2.5019966763969763	32.69991036791058
GACTAAATCTGGTCTAACTTTAGG-1_2	698.5038683255007	18.726068232908734	3.1182096059559066	9.286867860708877	0.0	9.573650726279874
GACTCAACAGATTGCAACTTTAGG-1_2	19.557592454715355	481.8282683477736	31.888039087924884	19.10686029768646	14.119842064873543	0.0
GACTTACGTCATTATGACTTTAGG-1_2	451.6933217591709	0.0	78.08421895775574	16.043445303937975	0.0	22.799162056838867
GACTTACGTTAACGAGACTTTAGG-1_2	103.2556312879973	25.2560562262236	14.32109449298249	62.081424876645215	55.768596865658736	44.32308197458981
GAGCAAGCACCATCATACTTTAGG-1_2	0.0	0.0	4.188720094036945	885.9448955834986	0.0	0.9011164001229683
GAGCTATAGCGCTCCAACTTTAGG-1_2	148.74556478914982	260.9484811536309	0.368844005793305	231.4058786968116	28.29408530965986	24.389490330553894
GAGGAGTAGCAATCGGACTTTAGG-1_2	0.0	0.0	0.0	0.0	8.697583419406996	893.6096617167473
GATATGATCCTGTTCTACTTTAGG-1_2	52.533830134142605	665.08177587955	0.0	0.0	0.0	0.0
GATCACACACCAACAAACTTTAGG-1_2	583.8003274857487	54.68884549306301	106.56073329953423	37.40710957345537	24.61331324143801	64.85770140151268
GATGGTAGTGAACGACACTTTAGG-1_2	418.73420153759855	48.358296244535374	92.52125821410543	3.3549587656061672	0.0	16.76842696638162
GATTAGTCAACAGAGGACTTTAGG-1_2	97.61695976511265	88.6878610224419	271.4891133853863	0.0	0.0	22.214497438016142
GCAAATTCAACCGGATACTTTAGG-1_2	0.0	630.1826539133207	9.288193032176602	0.0	33.69942946441257	13.592904450611472
GCAGCAATCTTGATCGACTTTAGG-1_2	0.0	683.3674774007452	27.08977774713773	16.55621739363294	0.0	0.0
GCAGGCTAGGCGATATACTTTAGG-1_2	115.28296417094721	0.0	401.49593890252834	1.6257044828046439	0.0	17.220698504065247
GCATTTGTCGGTTCCGACTTTAGG-1_2	109.51921091452273	67.58971494391602	327.8536209831354	0.0	6.148804467884385	76.49123562128263
GCGAGCTAGTTTGCATACTTTAGG-1_2	606.5616332422654	17.23491783254321	0.0	0.0	33.66793093684587	0.0
GCGTTACTCCCGCTGAACTTTAGG-1_2	526.7856547432515	2.9365289428198063	0.0	15.03807800713205	18.428059747593746	1.4781038367558155
GCTAACTGTGCTTCGAACTTTAGG-1_2	0.0	0.0	650.8197128139602	0.0	0.0	5.961132615079226
GCTCACCCATCATGTCACTTTAGG-1_2	541.6471405140493	0.0	0.0	0.0	26.895791179084245	20.448358831962597
GCTCACTAGGTATAGCACTTTAGG-1_2	0.0	581.310697401706	12.638456303786366	43.548847842086204	19.628624433990147	0.35839745931455824
GCTCCATAGCCTGCCAACTTTAGG-1_2	0.0	610.3098513100334	31.10627862399192	0.0	9.997088080633427	0.0
GCTGGATCACCACACCACTTTAGG-1_2	381.2813572631728	146.89410571843518	94.49482314096653	0.0	200.64575408094345	33.642325642648956
GCTTACATCGTCAATTACTTTAGG-1_2	561.1713982790222	29.011967103562032	16.916734477427674	0.0	0.0	19.156254007690936
GCTTGATGTTTACGACACTTTAGG-1_2	537.9801800164344	100.32980292610826	45.54767152526021	0.0	0.0	0.0
GGAACCGGTATAGTGGACTTTAGG-1_2	585.2381793667261	0.0	0.0	0.0	0.0	3.4026147917613767
GGAAGCCTCGTCCCGAACTTTAGG-1_2	142.93788952658957	18.330465662461247	525.5830308284601	0.0	0.0	0.0
GGATTGCCAGAATCGCACTTTAGG-1_2	30.656539108610087	821.6173834248932	0.0	0.0	0.0	0.0
GGCAATCCAAATAAGGACTTTAGG-1_2	0.0	550.969616268045	0.0	0.0	0.0	5.823809484785458
GGCATGATCGACTTTGACTTTAGG-1_2	44.16264053291597	5.899018572824633	471.8317828102481	0.0	0.0	0.0
GGCATTTGTAATGCCTACTTTAGG-1_2	201.29612846371214	44.704854111904815	293.44602703201724	5.327792771060205	0.0	0.0
GGCCTTTAGCAGGTTGACTTTAGG-1_2	839.0889064147485	0.0	0.0	0.0	0.0	0.0
GGCGAATGTAAACCCTACTTTAGG-1_2	33.25370509944396	633.845041572139	12.134514052677648	11.357380448279267	2.0773006956212874	0.0
GGCTGATCAATTGAGTACTTTAGG-1_2	1.33064192244683	519.8719285854653	30.64344741123318	32.14383039405182	0.0	27.175194418650303
GGCTGATCACCTACTGACTTTAGG-1_2	57.7092771543431	68.65723323404583	11.78284562781531	710.3060294373612	39.16739337886232	18.201829071615723
GGCTTAGAGGTTAGGTACTTTAGG-1_2	265.0617560666157	120.30958526304182	103.08247590734108	0.0	141.05482722509112	62.41165815372549
GGGATGGAGATAGCTAACTTTAGG-1_2	626.9809030303138	17.317647968608128	13.652929285981084	0.0	8.36611432147807	0.7920840615015545
GGTGTGATCCTAAGTTACTTTAGG-1_2	49.87474273758608	563.2412027917154	0.0	0.0	0.0	14.544942130365285
GGTGTTTGTACGAATGACTTTAGG-1_2	292.20247253458984	27.386370016346792	48.620774449203985	2.447717745748948	0.0	299.47272591792466
GGTTACCTCGGCTAAGACTTTAGG-1_2	0.0	827.2876660199913	0.0	9.991436586109959	0.6311002670189746	0.11722571853569773
GGTTGACCAATAGAAGACTTTAGG-1_2	8.923309563711989	718.021656885955	0.0	6.068566099298976	13.92008849863741	0.0
GTAACCTGTAACGTGAACTTTAGG-1_2	691.5803456185471	0.0	1.4212183535969665	9.41959520122785	0.0	0.0
GTACCTATCCTTGTTCACTTTAGG-1_2	32.039514466998554	494.1853102644712	0.0	0.0	4.392282844370282	0.0
GTTAGCGAGCTAAATGACTTTAGG-1_2	0.0	0.0	568.906014909897	0.0	0.0	0.0
GTTCCATCAGCTCGCTACTTTAGG-1_2	0.0	4.759229344706122	564.7343212741425	2.1101249954808514	0.0	0.0
GTTGGATAGGGCGGTTACTTTAGG-1_2	619.2700367167878	7.392649579159562	121.72672200045722	19.581593308521036	20.052669252938355	9.20761150610281
GTTGTTGTCGATTAAGACTTTAGG-1_2	516.6875461369928	29.018616406938047	45.044517199874306	22.887345051036196	0.0	3.312619142828277
GTTTGGGAGCAAATTGACTTTAGG-1_2	7.421285879108904	54.93882150446094	34.95274135798033	44.033856492538085	110.37090172909596	5.735747730464113
GTTTGTCCATTGCCCAACTTTAGG-1_2	0.0	0.0	841.0676507104304	0.0	0.0	0.0
TAACCAAAGCATCTATACTTTAGG-1_2	575.9527255647882	25.564478543885286	0.0	15.141287911812059	2.675694779611496	9.16863765126048
TAACGTTTCAGCATGGACTTTAGG-1_2	0.0	0.0	5.363043285730701	0.0	738.6980978716799	0.0
TAAGGTTCAGCAATTGACTTTAGG-1_2	0.0	586.3598549973002	0.0	0.0	33.21654767837128	0.0
TACCAGCTCATAATGGACTTTAGG-1_2	0.0	6.532582392278492	617.3486621793152	5.730255744571486	9.30912138285344	15.233705617721702
TACCCGGTCTGTGACCACTTTAGG-1_2	0.0	0.0	641.3389628315075	0.0	0.0	0.0
TACCTGCAGACAGACTACTTTAGG-1_2	157.2448108368001	0.0	447.31848698648895	23.648950547873184	2.240312843727255	21.6107652134989
TACCTTTGTTAACCACACTTTAGG-1_2	442.43777453768325	0.0	26.464819291752463	17.001058744272406	0.0	12.812206588693044
TACTCACCATCACGAAACTTTAGG-1_2	29.985153322168742	53.46321200752805	537.5348733061459	9.264873525639228	17.13824487490835	0.0
TAGTCTCCAAGCGATCACTTTAGG-1_2	95.32400016730985	364.8465366173144	0.0	84.9297372103869	0.0	25.764774349082444
TAGTTGTTCCGGATAGACTTTAGG-1_2	0.0	0.0	0.0	0.0	0.0	777.1691899330224
TATACCTAGAAACCCGACTTTAGG-1_2	84.69011112826385	0.0	511.3669345787162	9.71700091275625	10.806034950549948	22.551262697440507
TATATCCAGGCTTAAAACTTTAGG-1_2	0.0	917.6204132077077	0.0	0.0	0.0	0.0
TATCGCTCACCACAAAACTTTAGG-1_2	499.4182787367018	19.96050931820679	119.87371853000823	0.0	15.421848427304287	4.2788796573520695
TATGACTTCATCCAGCACTTTAGG-1_2	88.65113926981957	161.9803258233132	216.41012436948532	5.983705791792484	13.979113972192941	8.471770719396707
TATGTCCCATGAGCTAACTTTAGG-1_2	0.0	0.0	0.0	927.8388722282751	151.35365878789466	0.0
TATTGCCCAAGTTGCAACTTTAGG-1_2	0.0	664.1064742924489	0.0	12.271070813272088	10.71292348568929	38.09937987772347
TCAACTAGTGCATCGCACTTTAGG-1_2	46.18913594478599	56.014119766060695	35.81373288608539	475.9127528976858	0.0	15.193232161744714
TCAATGGCATTTGCTAACTTTAGG-1_2	56.31975324197874	21.25893656613703	16.620772974379655	0.0	420.40708204855645	0.0
TCACTCGCACCTACTGACTTTAGG-1_2	609.6478739174044	0.0	0.0	0.0	0.0	0.0
TCATGAAAGCTCAAGGACTTTAGG-1_2	0.0	0.0	0.0	0.0	1188.8121769400943	0.0
TCCAAGTGTAATGCGAACTTTAGG-1_2	0.0	0.0	0.0	0.0	0.0	964.5992613462186
TCCATTACATAAGCTGACTTTAGG-1_2	0.0	0.0	0.0	0.0	1205.5117827739925	0.0
TCCTTCTAGTTGACGGACTTTAGG-1_2	48.67163609243406	22.466193626252675	0.0	697.254723557245	0.0	32.74757077718414
TCGCGCTCATAATGACACTTTAGG-1_2	0.0	939.9458334684537	55.031924908346	0.0	0.0	6.728991809616719
TCTAACAGTTTCAGGTACTTTAGG-1_2	509.31759396654206	29.153686461468713	52.56852253387992	24.73865181810018	0.0	2.4203709131261752
TCTCGCCTCCTTTGGAACTTTAGG-1_2	733.6578224165431	0.0	0.0	0.0	0.0	0.0
TGAACCTGTGTTAGCTACTTTAGG-1_2	10.172245127107399	395.1767463851644	72.82850447639188	9.926195010207433	38.80630235994227	28.729033080634178
TGAAGGAAGGTTATGAACTTTAGG-1_2	0.0	0.0	0.0	1235.8896442446528	0.0	0.0
TGATTTGGTATTGCGTACTTTAGG-1_2	98.45256362456134	44.508322316230135	465.7071847838089	14.514934655563478	25.622782723597112	13.373163034621685
TGATTTGGTTTGTCCCACTTTAGG-1_2	405.56780838303456	116.45407668796152	118.50140182046644	10.69745117275877	0.0	3.9259736432894248
TGCCGGTGTACGTAAGACTTTAGG-1_2	0.0	0.0	0.0	710.8986009201417	254.45759113013764	1.320041111974624
TGCGCTAGTAAACCCTACTTTAGG-1_2	452.1411883843395	129.6688429192873	39.24382416270578	0.0	13.840653313488806	3.281107268734136
TGCGCTAGTAACTACCACTTTAGG-1_2	212.04779026936373	90.13228569887127	122.96973549152275	0.0	20.17414743529845	1.6444641065596557
TGCGCTTAGGTCTTGCACTTTAGG-1_2	376.66575694806346	128.53513481584054	89.74692248759145	31.800881260727188	19.125817484250252	12.662554886495268
TGCGGAATCCTAAGTTACTTTAGG-1_2	12.061508416191076	8.254811813659627	15.749116232733872	26.752683116690985	18.106988599214535	664.6990559987657
TGCTTAAGTTCGAATCACTTTAGG-1_2	0.0	662.3006901851722	14.701033631287277	0.9792411049521613	11.605583262749818	0.0
TGGAAACTCGAAGTTAACTTTAGG-1_2	84.78339961269728	544.4766160695331	0.0	0.0	8.043983726177457	0.0
TGGATCGAGCAAAGCTACTTTAGG-1_2	332.08851358633325	30.14976320807003	0.0	212.4419727827117	14.917917115321522	21.71610278299479
TGGCGTGCATATAGGTACTTTAGG-1_2	62.23933589417281	270.5763533583652	55.2767139122335	98.24792029891485	60.788068745294325	52.54183717395924
TGGGTTTGTAGGTTTCACTTTAGG-1_2	2.0852940238920534	0.0	661.2191835586933	0.0	0.0	31.510679034059535
TGGTCAACAAGTTGCAACTTTAGG-1_2	723.8168153019292	0.0	0.0	6.053569227170367	6.509364024985986	2.6891698137987916
TGGTTAAAGTAGCGCAACTTTAGG-1_2	41.907267272275945	10.928365490069872	562.0789142391172	0.0	3.4247933670765724	0.0
TGTGCTGGTACTAACCACTTTAGG-1_2	0.0	52.26451435088901	0.0	917.7380437087569	115.73365916280788	10.26732565118451
TGTTAGTTCAGGCTGAACTTTAGG-1_2	343.421655371209	145.67455019908184	139.41729917354678	11.055244538282029	39.49465367722369	37.19829511838872
TGTTCCTTCGTCCCGAACTTTAGG-1_2	0.0	0.0	777.9366930119263	0.0	0.0	0.0
TGTTCTTGTTATGTGCACTTTAGG-1_2	712.2496572747741	0.0	0.0	0.0	0.0	0.0
TTAGAGCAGAATGGGAACTTTAGG-1_2	0.0	666.1107643270211	40.14044970395524	0.0	0.0	38.74513986868451
TTAGCGGAGGTGAATCACTTTAGG-1_2	124.18700060452579	695.0062045166749	17.387507953324672	103.34949152801173	0.0	0.0
TTAGGTGCAAGCCTAAACTTTAGG-1_2	590.4531386129286	14.858013093789532	0.0	0.0	0.0	0.0
TTAGGTGCATAAGTCGACTTTAGG-1_2	400.91612973865665	39.65926196277431	35.445111093346306	20.85843793506814	0.1286684959453736	20.952346136079406
TTAGTTGGTATTACCAACTTTAGG-1_2	363.36883628990427	39.96355494173171	79.37728335892399	0.0	0.0	34.23289766824625
TTCAACTAGTCACCTAACTTTAGG-1_2	0.0	0.0	712.1831142834446	0.0	0.0	0.0
TTCCTCCCACTTCGATACTTTAGG-1_2	0.0	0.0	0.0	0.0	894.1491736194679	0.0
TTCGATTAGCAGGCTAACTTTAGG-1_2	4.202496145285905	79.36069059936045	500.1328121813962	7.0805325755059005	1.8934880168309416	14.771953163969272
TTGAACAAGTTTGAGAACTTTAGG-1_2	59.93377441719503	307.4484928337085	31.983889926255983	118.11186463127562	48.76716060080132	0.0
TTGACATTCACAAACAACTTTAGG-1_2	254.64698662076447	135.74163927219055	44.56179940649134	2.060159305876053	23.921808312041094	13.578976225331843
TTGAGGAGTCACACCAACTTTAGG-1_2	483.7370683209306	58.4117531890628	29.208811228024484	4.10975638580765	8.280168308968468	4.0078632470551225
TTGAGGAGTTGCGGCTACTTTAGG-1_2	847.6821139116474	7.760888105069561	0.0	4.17731768577381	0.0	0.0
TTGTTGTAGTGAATCAACTTTAGG-1_2	0.0	31.613828555800325	0.0	13.752399471294027	737.2702058600937	19.951804940873274
TTTAGTCAGTTACAGAACTTTAGG-1_2	22.859952930673586	595.6924829718213	0.0	13.617497592980367	0.0	26.890235833458178
TTTCACCTCCTAAATCACTTTAGG-1_2	591.0547634457836	0.0	23.87574560023607	0.0	0.0	0.0
TTTCACCTCGTTGCACACTTTAGG-1_2	520.6580779034789	10.020780935461136	16.60021314635702	0.0	0.0	7.298456978665258
