	1	2	3	4	5	6	7	8	9	10	11	12	13	14	15	16
AAAGCGAAGCGATAACACTTTAGG-1_2	155.84863228262668	98.73133838369057	0.0	43.19813194508065	24.517227993336128	12.890498658886399	0.0	10.734255419204002	57.099437539459046	2.3389564537445544	44.61682579656958	0.0	1.8897291207706872	0.0	0.0	0.0
AAAGGTACAGCCCTTAACTTTAGG-1_2	277.33562848469705	84.86441767608397	0.0	10.4956180535056	7.644866337856906	14.419212661114335	0.0	47.56585586182026	3.390705430458897	6.277440795787054	0.0	0.0	0.0	0.0	0.0	22.071449064804984
AAATCACCAATCATCCACTTTAGG-1_2	217.30247342228375	42.54584138499657	0.0	26.80443320982172	16.758624166361336	51.59199275714553	0.0	0.0	36.57834484841898	0.0	36.75784099969539	0.0	0.0	10.456583820398617	0.0	0.0
AAATGAGCATTTGTTGACTTTAGG-1_2	0.0	0.0	0.0	14.123386175593968	0.0	718.9140952315543	11.759896494608263	5.879694850619791	0.0	4.810394686506875	0.0	0.0	0.9941920293268434	4.2281391828541715	17.876434573614482	0.0
AACCAACAGGACACGCACTTTAGG-1_2	46.873381288755354	122.05785118863844	0.0	62.813076453851096	26.866343794169698	39.27092569638941	45.28919956493016	0.0	0.0	23.145428365664806	29.21044385399821	26.38636318722391	0.0	8.981559581109426	0.0	0.0
AACCTCATCGAACCTCACTTTAGG-1_2	138.86456042181288	49.885603657579495	0.0	49.62887258266862	15.983128406237794	21.384423508417203	39.8444683536051	29.71877341597883	0.0	18.84280973663826	0.0	2.7951423675962466	0.0	5.722934888369776	0.0	0.0
AACTGAGGTGCTCCAAACTTTAGG-1_2	41.29886280068263	75.88174683463726	42.208310421551694	59.71872399260625	18.21802984870766	10.520491728086089	0.0	45.37065795944623	49.809256990539836	35.07199311483989	0.0	0.0	0.0	5.103327805165567	0.0	0.0
AAGACAACAAATAGGAACTTTAGG-1_2	398.86950848035025	41.70136476400954	0.0	16.45828329028064	0.0	19.209615674660366	0.0	49.9817668961596	0.0	19.10032703290059	0.0	0.0	0.0	0.0	7.8427358516693575	10.73472659144573
AAGCCTCTCAATTGGAACTTTAGG-1_2	75.81929006423931	209.5181365868036	0.0	38.83167832431562	13.458907308407127	7.2986143772997005	31.57369901481776	0.0	0.0	4.0099946697878766	32.2584801512009	8.294597850602578	5.956005230637958	0.0	0.0	0.0
AAGCCTGAGTTAGTTCACTTTAGG-1_2	0.0	0.0	25.41913997056957	953.5914402188677	0.0	9.794925704131375	0.0	0.0	0.0	0.0	0.0	0.0	0.0	0.0	0.0	0.0
AAGCGGCTCTAATCACACTTTAGG-1_2	2.7238749874419783	504.7231328846367	0.0	0.0	26.907327867977887	20.24714643792236	21.233360042713418	13.899964126377887	0.0	16.539374987623255	0.0	0.0	0.0	33.275440308501715	0.0	0.0
AAGGGAGGTGGTTACTACTTTAGG-1_2	0.0	0.0	0.0	0.0	216.73799463560658	163.3312240115329	0.0	0.0	0.0	532.8302586449803	0.0	0.0	123.57658088509109	0.0	0.0	2.7671770493170182
AAGGGAGGTTGTTCCCACTTTAGG-1_2	129.9275230718311	0.0	36.989013190580415	23.032171958483143	0.0	0.0	0.0	0.0	354.04677226500604	0.0	8.360823925203263	0.0	0.0	0.0	0.0	0.0
AAGGTTGGTATGGTCTACTTTAGG-1_2	560.0286600177612	13.185484945769497	0.0	33.94622319036129	0.0	3.444832839991242	0.0	57.28836923224683	0.0	2.4536506676829295	0.0	0.0	0.0	7.055039448006895	0.0	0.0
AATACTGAGGTCAAGTACTTTAGG-1_2	214.59511410761306	0.0	67.76249750133458	15.258915932934341	14.508730811286643	3.0519501887917415	0.0	34.87256414262119	34.03518804514734	0.0	0.0	0.0	0.0	0.0	0.0	12.22508646067988
AATCACGCATCCTTGGACTTTAGG-1_2	0.0	0.0	789.4077221528665	0.0	0.0	5.882941683856746	0.0	0.0	0.0	0.0	0.0	0.0	0.0	0.0	4.056010357050438	0.0
AATCACGCATTTGGCTACTTTAGG-1_2	51.908222190694026	65.13808469307466	0.0	508.2967595014339	0.0	19.25319872124914	34.87435912077929	0.263989249260882	0.0	47.28928839788848	0.0	0.0	0.0	0.0	0.0	0.0
AATCGCGAGGTTGCAGACTTTAGG-1_2	2.0652628351309974	447.381827121868	0.0	0.0	0.0	15.01187053531194	1.5803140748204498	8.377120963259344	0.0	4.439342512055151	0.0	0.0	3.24256820281812	6.846190331411044	0.0	0.0
ACAGCGGGTTGCGCTAACTTTAGG-1_2	48.24794995668237	125.58256291428944	0.0	102.48273803602993	16.926653020317726	9.749514747449837	55.80601412974532	40.60248839383131	0.0	22.84211520136195	0.0	0.0	0.0	13.539262510254499	3.531192357606132	0.0
ACATACTTCTGGAAACACTTTAGG-1_2	57.799276709106366	88.27306243366365	0.0	33.38809446755297	35.15082476067487	0.0	0.0	0.0	49.76744162731063	5.850971826332474	29.025672975595555	31.11811687371672	1.7582038969307385	0.0	1.7331667012836027	4.339558108079779
ACCAATCGTTCACTCCACTTTAGG-1_2	399.0960895001441	27.800889927245898	33.258078756917094	49.075421150119794	26.337198469763113	33.309690717876435	0.0	31.695970012282473	42.864094637384	0.0	0.0	0.0	0.0	0.0	3.2251196860323565	7.897374060828667
ACCACGTTCGGGACTAACTTTAGG-1_2	77.97227759996777	108.09915512597739	0.0	56.3325437689444	16.827280197958405	18.258911979345832	47.37028718126824	26.368226006788966	0.0	5.332615142550549	0.0	14.415562098774867	2.0796178465053448	12.303170112098078	0.0	0.10492316273375904
ACCGGCTGTTTCCTCAACTTTAGG-1_2	145.39569321866915	156.6175868258195	0.0	14.423837870895492	18.48894309800007	0.0	66.33043662834308	0.0	0.0	0.0	35.44049318425411	0.0	0.0	12.167103155315765	0.0	0.0
ACCTCTAAGGTAGTTAACTTTAGG-1_2	28.87882912065214	122.69506987850419	0.0	69.57672601384482	41.31158988648835	15.042356456654534	39.149273637266646	0.0	0.0	0.0	37.99908620700886	0.0	14.128747415775075	13.134228682425116	0.0	0.0
ACGGTAAGTCAAAGGCACTTTAGG-1_2	29.943181280508576	95.20407912035427	0.0	31.673470575924824	23.915396491108428	9.75902029086111	29.846774540811754	58.431436499213	0.0	6.089990247061038	0.0	0.0	12.377044922438131	0.0	0.0	0.0
ACTAATGAGGAAACTCACTTTAGG-1_2	202.21297017417845	0.0	54.09213336606209	55.017349085041374	8.717353287339948	5.619847403269218	0.0	29.492302369041337	14.56176161200127	23.759156149142026	3.1920652743728093	0.0	0.0	0.0	0.0	15.302582508661562
ACTACAAAGGATTATGACTTTAGG-1_2	0.0	398.7867413090855	179.68817095578774	9.284307625265557	0.0	0.0	0.0	27.271449089607106	7.474842969806378	0.0	0.0	0.0	0.0	0.0	3.7505103907504957	50.331951868447696
ACTACTAGTTTGAGCTACTTTAGG-1_2	54.78699411568317	30.147173483352795	0.0	0.24294679724436366	15.010315547472107	0.0	13.637754164167662	0.0	331.45316158952426	0.0	16.89546478081287	0.0	0.0	0.0	0.0	3.9986025575616946
AGAAGCAAGTCGTTCAACTTTAGG-1_2	632.221473259597	0.0	4.091784905471879	6.845982232655262	6.136319965217845	0.0	0.0	0.0	0.0	0.0	15.396494965061732	0.0	4.389621055112682	0.0	0.0	0.0
AGAAGGTCAGGCTATAACTTTAGG-1_2	374.76845278812857	86.54699506014785	0.0	37.76986644878476	39.45795665485142	0.0	0.0	81.32038616832422	0.0	0.0	0.0	0.41077535261790993	0.0	0.7216771875132446	5.463773950678183	0.0
AGACACTAGCTAGATAACTTTAGG-1_2	118.3990422848327	97.71178201258	30.13283734274136	43.53506728135868	14.020423159798833	0.0	0.0	35.6198967843044	59.19423587400449	13.729973270763644	0.0	53.3600690011196	0.0	0.5240645167833732	0.0	0.0
AGATTAGTCAACCTCAACTTTAGG-1_2	20.20295802044274	63.74512990541553	0.0	93.87365309501227	98.33488236765014	110.8971083581551	36.641931449584305	0.0	0.0	0.0	29.851150933513754	10.21381046147989	44.40624484218403	0.0	0.0	50.180266220603585
AGCATCCTCATGGAACACTTTAGG-1_2	54.559009781165656	91.84821893674605	0.0	50.658141342340855	28.017379159517315	0.7676652476620303	31.341604810371372	17.20477392227816	0.0	0.0	17.767317422110597	20.823512328115804	0.0	6.812934497214344	0.0	0.0
AGCCATTGTAATCCTAACTTTAGG-1_2	383.1244065828173	73.74222417869399	0.0	5.5484725288388255	0.0	0.0	0.0	0.0	5.9794596098682185	0.0	23.336324130361284	0.0	0.0	0.0	0.0	7.088846157751269
AGCTAAATCGGGACTAACTTTAGG-1_2	23.124911846575497	0.0	561.065684396303	0.0	5.961189895542855	0.0	0.0	0.0	12.693865610741149	0.0	1.0650503153980435	15.097530271289589	0.0	0.0	0.0	12.777255860334137
AGCTACCTCCGGATAGACTTTAGG-1_2	55.56567417263888	123.5863129823043	0.0	63.78763246134285	14.59343543262997	0.5024848848833574	0.0	27.90845489757942	33.56621662589256	0.0	17.39521383678811	3.8266066367618903	5.079825274500272	13.567641946326141	7.706526876192656	0.0
AGCTATGCAAATACCGACTTTAGG-1_2	61.93015575482591	111.03727427086584	0.0	66.18141122374446	35.49536419499331	7.958602428112187	37.25059116342276	23.099274408363993	0.0	10.553722531850713	0.0	2.0647325978982587	0.0	10.634019906083916	13.782485998464908	0.0
AGCTGGCAGGTGAATCACTTTAGG-1_2	77.5176480153322	114.65322448660207	0.0	43.95230255828773	29.422234922015303	24.979450043364665	58.33581444473839	51.7420307525271	0.0	10.232246322778906	0.0	25.49866423583466	0.0	10.709751361701434	0.0	0.0
AGGGACCTCAGTTAGAACTTTAGG-1_2	0.0	65.70374965584338	583.0719627975379	7.229202308416342	0.0	17.403132115268836	21.16748757244318	12.08432347641303	0.0	0.0	0.0	0.0	0.0	0.0	19.856603617680204	8.300894944391873
AGGGTGGAGGCCTTCGACTTTAGG-1_2	89.71385497305943	111.48009172025517	0.0	41.59002005415384	24.1709948456345	20.715427172570976	40.844597110052796	4.098617350128906	0.0	0.0	0.0	44.79231736377586	0.0	2.2281268870929507	14.19429955269456	0.0
AGTAAACGTGACACAAACTTTAGG-1_2	485.08015710348695	48.946296189170724	5.377466200805781	17.503591230530073	0.0	16.315106898112298	19.593810814513382	28.03286405210861	0.0	0.0	0.0	0.0	0.0	0.0	0.0	0.0
AGTAGGCGTACAAACGACTTTAGG-1_2	242.64233589547177	6.4407707629753705	65.24081912462165	72.87310171061813	17.603939459238045	21.012631797199067	0.0	37.53323696023077	34.125284308808666	5.262414526584508	0.0	0.0	2.0045268001380303	0.0	5.41593184384067	0.0
AGTGACCCAGAATCGCACTTTAGG-1_2	6.363807296163655	413.352695458816	0.0	0.0	20.64770663457072	0.0	108.87994173204274	29.979480403073946	0.0	2.87599095303332	0.0	0.0	0.0	72.4684177662078	0.0	0.0
ATAACCAAGGTGAGCCACTTTAGG-1_2	499.17928867938696	0.0	74.21664048791781	3.7696381114265605	0.0	4.183806571030659	0.0	0.0	0.0	13.404318835218142	0.0	0.6184123486543116	0.0	3.580602354941789	1.7437648824389245	0.0
ATAAGCCAGAGCAACTACTTTAGG-1_2	0.0	469.25062044091436	182.3981843137496	0.0	3.8398757736079947	0.0	0.0	47.70356046286545	0.0	0.0	0.0	0.0	8.852201674759243	0.0	8.510333325392962	0.0
ATAGAAGCAGTGAGGAACTTTAGG-1_2	44.605239377836355	132.5854164140899	0.0	106.62376019635286	29.09903586561092	10.872297227447723	53.870221359953845	40.4018839990834	0.0	17.208523387539504	0.0	0.0	0.0	33.06118904680866	5.017340399754141	8.829711373545615
ATATAGCCATGGGTTAACTTTAGG-1_2	0.0	276.7439109441841	366.357256851877	0.0	3.622597946629695	0.0	4.468030246614449	0.0	0.0	0.0	0.0	11.830808135766393	0.0	0.0	0.0	0.0
ATATCGAAGGGTTTGGACTTTAGG-1_2	44.77704871619938	0.0	11.03048753616465	662.1319844868121	0.0	3.1052343294101283	0.0	0.0	48.11919591088785	9.748505417911343	0.0	0.0	0.0	7.291407342676257	4.684562097522855	0.0
ATCAGGTAGAAACTCAACTTTAGG-1_2	0.0	0.0	517.0361102586437	15.939159230049443	0.0	0.0	0.0	0.0	0.0	0.0	0.0	17.83403203249399	0.0	0.0	3.22380627936909	0.0
ATCGCGCGTTTACCGGACTTTAGG-1_2	0.0	0.0	0.0	19.34388554960861	0.0	0.0	627.9641367041959	0.0	108.77480931369476	0.0	0.0	0.0	0.0	0.0	0.0	0.0
ATCGCTCAGGAACCATACTTTAGG-1_2	18.700450635053034	46.0022863071178	0.0	72.12335584637563	416.83060631063137	16.51629160625225	22.50227267708633	13.903420425752957	0.0	13.646311530481132	0.0	0.0	0.9483458017802487	1.5316463465614887	0.0	0.0
ATCGGGCAGGACAACTACTTTAGG-1_2	0.0	0.0	0.0	0.0	0.0	0.0	0.0	0.0	0.0	0.0	0.0	0.0	0.0	97.77393197798627	0.0	756.8075132361521
ATGAAAGCATTTGTTGACTTTAGG-1_2	64.96452630873625	106.73724411171384	0.0	70.18454283374521	24.633178177584387	11.002475358315674	1.6497310470026638	23.267846950818008	36.43914103584362	4.540356291622237	0.0	6.528729384784314	0.0	0.0	19.62151543178124	9.864683605659861
ATGAGGAAGTCTGTGCACTTTAGG-1_2	129.78211460728826	145.011014666286	0.0	6.4949111886494855	27.77511329572099	9.34020264613096	17.255745069854584	0.0	0.0	36.872746005429974	48.48159418859842	23.395973322477573	6.43023514388981	37.59401880664471	0.0	0.0
ATGGCCTTCCAAAGGTACTTTAGG-1_2	142.63943156305436	179.6092602391985	0.0	21.991380661619672	12.418084170154325	26.997857266796526	22.985895010631687	0.0	0.0	11.85698763546034	20.888896362582877	35.045320320879675	13.220595595713407	7.444815974324351	0.0	0.0
ATGTGGGTCCGCCTCTACTTTAGG-1_2	1011.2062649227121	0.0	0.0	0.0	7.329959936338614	4.876291595178785	0.0	0.0	0.0	0.0	0.0	0.0	0.0	0.0	0.0	0.0
ATTATGGAGTGTTTGTACTTTAGG-1_2	76.35298285494828	95.63474059001568	0.0	74.67415261414219	23.282234379874573	20.917468311531863	10.059560888073216	0.0	0.0	0.0	21.692871655556207	12.192892727834792	0.5711132513168342	0.0	0.0	8.808502671147014
ATTCGATTCTAAATCCACTTTAGG-1_2	18.841239380876637	46.14173353274529	0.0	694.7748534480326	3.443616866356015	0.0	12.845235525533077	0.0	0.0	0.0	0.0	0.0	0.0	0.0	0.0	0.0
ATTGATGAGCAGGCTAACTTTAGG-1_2	39.83819564905679	0.0	65.04716683454632	42.341106500831245	86.10494776979137	67.10926183850674	0.0	29.568045651525892	27.450956991880712	37.93896350365448	0.0	0.0	0.0	0.0	6.95701432338375	18.406324229952876
ATTTAGGAGGAAGCCCACTTTAGG-1_2	90.54700562147482	93.14872860451283	0.0	51.26957989725744	35.25810351680526	0.0	32.2824212442049	25.383383965865647	0.0	0.0	0.0	16.816637173098524	0.0	16.396481742456313	0.0	0.0
CAAGCGATCTAATCACACTTTAGG-1_2	227.84181773147526	85.3927822220098	0.0	23.55341878176569	11.5851244252668	39.62897943885584	11.060591188965754	0.0	25.790233031935216	0.0	25.092119710494625	0.0	15.632850709068741	29.641401024343008	0.0	0.0
CAATACTTCTATGCATACTTTAGG-1_2	204.25430734816234	41.20898802368875	0.0	55.79966449902181	8.193775603498258	2.261705931895226	0.0	57.98364592511647	30.332923780990566	56.466169514754	0.0	0.0	2.7426377136255633	14.20765518390888	0.0	0.0
CACAAGCCAGGCAACTACTTTAGG-1_2	95.30611788503029	142.5566182290783	0.0	54.98162308957533	42.50715092992774	0.0	38.328545824184445	19.94919634723838	0.0	0.0	0.0	41.07433492748181	2.8708187634172404	5.239781317865489	0.0	0.0
CACGTTATCCCAGACTACTTTAGG-1_2	2.7779887629197706	0.0	820.084898114271	0.0	5.170319510641345	0.0	2.974208604804088	0.0	0.0	0.7369167157928967	11.441550937422784	3.295404326132376	0.0	0.0	0.0	0.0
CAGCTGGCAGTTATGGACTTTAGG-1_2	247.9431320137488	32.77486081892233	44.18549334441536	14.574605194469179	51.97308305296052	41.238805207694966	0.0	43.17335210550507	28.921948889098594	3.9309740957491255	0.0	0.0	0.0	0.0	0.0	0.0
CAGGGCAGTCAATCGTACTTTAGG-1_2	101.19865147017629	0.0	28.72101528317215	45.6425345107636	19.057845627949817	23.77617317982384	0.0	319.02181381510434	26.518097805857746	12.49473882082411	0.0	0.0	0.0	7.8347087701510425	0.5985125268012237	0.0
CAGGTTCTCGCTCAGTACTTTAGG-1_2	194.99398486945034	0.0	59.771796166724286	16.063291696414765	30.05246598401357	23.674884623983612	0.0	60.72236427526303	20.355347465841728	3.842002481903631	0.0	0.0	18.7690666813983	0.0	0.0	7.85293568091893
CAGTATTTCCTGGAAGACTTTAGG-1_2	29.41180876605133	384.9347389779102	0.0	0.0	6.550092619159354	45.13966928284034	34.08342034514056	27.292413873056354	0.0	0.0	0.0	13.829350363681822	0.0	22.838910443987636	0.0	0.0
CAGTGTGAGGTGAGAAACTTTAGG-1_2	90.60560596114854	61.50037239035345	21.212192181383948	119.75677675864047	5.891619036207411	0.0	19.95094464507347	27.798345333835037	0.0	19.44366859484411	0.0	11.641624356257566	0.0	0.0	0.0	0.0
CATCCTTTCACCTAATACTTTAGG-1_2	209.92281369515717	203.91316248582424	0.0	21.916435397293775	9.870404041859977	0.0	15.980846068709178	0.0	0.0	1.1725257663613224	49.76722261601613	0.0	0.0	8.569080922670679	3.4996259071988582	0.0
CATTAGCGTATTTCGAACTTTAGG-1_2	657.0975970358751	0.0	4.822784202577236	0.0	0.0	0.0	0.0	23.197787957405797	0.0	0.0	0.0	0.0	0.0	0.0	0.0	0.0
CCAAGACCACTTCGATACTTTAGG-1_2	102.40207403059468	131.49451016294472	0.0	89.30484545088457	57.375413540630646	0.0	0.0	11.384995943431116	43.886814963914006	29.968760820495135	2.047342631144925	12.542217695952653	11.018191133068651	0.0	0.0	0.0
CCAAGTGAGCCATAAAACTTTAGG-1_2	43.65898075704532	98.26883479190197	0.0	51.74687911971838	132.0085562753003	51.17112901088431	10.413053569921493	0.0	0.0	2.9839983803848207	19.82335258676316	0.0	46.71409990332541	15.808602393811961	0.0	0.0
CCACATTCAGTAATACACTTTAGG-1_2	96.88923318006735	157.85012173166803	0.0	20.338845102800036	20.20580703995758	27.04723940972447	30.25854648914698	0.0	0.0	0.0	27.600611418008985	6.727545192916262	11.500569101720563	0.6468685884456816	5.02087914139402	0.0
CCACTAATCGATTCTGACTTTAGG-1_2	0.0	0.0	0.0	0.0	1312.840505374616	0.0	0.0	0.0	0.0	0.0	0.0	0.0	0.0	0.0	20.652862396563563	0.0
CCACTAATCGGGCAACACTTTAGG-1_2	6.850547212554019	0.0	513.1809314772167	5.5905062159970935	6.813177236056771	0.0	13.55706005614042	0.0	0.0	0.0	7.29749982806034	0.0	0.0	3.5397358586499985	2.792840354931182	0.0
CCAGGTTTCAACTTGTACTTTAGG-1_2	12.85170905394218	0.0	418.0785822607242	0.0	1.1941361875680276	0.0	3.931271280463345	0.0	0.0	0.34241147906846137	12.525182160185931	4.151420709580477	11.22565288190849	0.0	0.0	12.901838330950767
CCATCAGGTTGCACTGACTTTAGG-1_2	121.93489962613336	22.262628311954142	4.802084511153405	2.9449470052320974	29.766078418604682	0.0	247.39838807654425	0.0	65.10732321003229	8.41241293443385	29.65244530523881	6.20342125815384	0.0	5.634273759789605	9.038804284033715	0.0
CCATTCGCATTGCCTGACTTTAGG-1_2	90.51516199467194	2.9834220363063375	78.50714376378868	114.99351253173626	21.898508356297178	39.762326275741025	0.0	23.522336462693914	36.33644811064218	20.861130243594165	0.0	0.0	0.0	0.0	10.832457091663613	11.93070559831845
CCCACTTGTAAACCCTACTTTAGG-1_2	97.93981117580843	166.90895708454067	0.0	9.958720642169398	20.114126224886967	6.591248498610459	84.38685748714511	0.0	0.0	4.390663407555989	46.868578643704765	0.0	0.3310865206413987	15.192451230185954	0.0	0.0
CCCTGTTGTTAGCATCACTTTAGG-1_2	30.36050795143504	147.27668709717236	0.0	3.6865733172587367	20.033010802329272	14.853179632892232	44.62673963275471	37.38314458516811	0.0	0.0	5.166117005828856	34.65589618852057	0.0	8.195140030406636	13.053163132977822	0.0
CCGGTACGTTGAGTCTACTTTAGG-1_2	85.75976517254855	71.75680549504015	0.0	92.34918859571556	8.674406854204934	20.311719574560804	0.0	3.435092645428499	45.70306547535347	34.87850812606353	0.0	0.0	18.96628539214565	0.0	1.4347781122968033	7.525524303884328
CCTCAATCAACATAGTACTTTAGG-1_2	23.727050376170983	78.51579822688574	453.91893245143905	18.563925393791198	4.089050219376301	2.649937654178488	0.0	0.0	0.0	3.2047037976808634	3.377737643911988	0.0	0.0	4.209756100828828	0.0	0.0
CGACTTTCAAATCACGACTTTAGG-1_2	26.885743199306365	60.52484713594526	0.0	72.5010052481005	29.359772380057763	12.769121671087417	45.65952149274942	0.0	0.0	15.65069414482783	18.96796344069202	2.787112098679259	0.0	27.141061224622153	16.501952215756027	0.0
CGATTGACACGGTAACACTTTAGG-1_2	26.976133552485848	0.0	541.6384810114026	11.82479490175684	0.9289214515009688	0.0	0.0	0.0	24.58078915457682	0.0	0.0	0.09131814613273333	0.0	0.0	0.0	0.0
CGCACATTCATTGCATACTTTAGG-1_2	33.34696926266986	0.0	69.87909071889915	138.91827391219067	7.3221594601221405	52.414926921973056	0.0	0.0	12.766926172660156	15.673265128901113	0.0	0.0	0.0	0.0	3.5021734199465926	76.50546984172747
CGCAGCACACTAGTAGACTTTAGG-1_2	85.14680001252798	48.18540028397426	63.14364282426965	19.672169469050992	13.066776684272451	0.0	0.0	20.080701907372408	35.36134640505277	15.326661735388397	0.0	44.5683710845876	1.3611352295721855	0.0	0.0	8.316781723979325
CGCGACACAAGCGAAGACTTTAGG-1_2	204.53319213621774	48.53202223597644	0.0	23.640606872805073	0.0	10.448670727083938	23.004885388505315	95.33820024769207	0.0	5.435404453470152	0.0	0.0	0.0	0.0	0.0	10.468078383004693
CGCTGGACATGTGGCGACTTTAGG-1_2	202.69384322068728	161.57150871425202	0.0	17.8062915305386	29.686507264589817	39.218383526573795	29.97729577901407	74.05130610426663	0.0	0.0	0.0	0.0	0.0	7.472690421127761	0.0	0.0
CGGAACCAGTCTAACTACTTTAGG-1_2	0.0	0.0	0.0	0.0	0.0	0.0	0.0	0.0	0.0	0.0	0.0	1223.5743397637077	0.0	0.0	0.0	0.0
CGGTCAAAGGCGAGAGACTTTAGG-1_2	169.70580897209834	136.74230320492458	0.0	23.42966632741793	0.0	38.193322364533884	17.63332074322534	16.57711912179527	0.0	8.768933471663312	35.09896733921627	0.0	0.0	22.992120783912814	0.0	0.0
CGTAATCGTGGACACGACTTTAGG-1_2	94.75737088850379	0.0	45.08434394460248	44.946625537453734	0.0	11.832756945530774	74.08573826072738	0.0	0.0	60.34825215919298	0.0	0.0	0.0	0.0	26.98698475854686	10.835427988215034
CGTAATTTCCTGGAAGACTTTAGG-1_2	77.89858589298285	35.77047702001793	27.39626763735789	68.21219787941256	27.467100634162204	0.0	24.997621116425716	16.23124430303698	0.0	2.2629811461195817	0.0	18.342145222388524	0.0	0.0	12.057252391664772	0.0
CGTGTCCCATTGCATCACTTTAGG-1_2	34.43517243299444	80.55904512088482	0.0	102.67903826957048	44.01709479560157	27.74697310872282	27.366602111256025	16.359674870520816	0.0	16.937491733072527	0.0	0.0	0.0	4.412175657700581	0.0	0.0
CGTTATGTCGCCTCGAACTTTAGG-1_2	0.0	0.0	0.0	0.0	36.504487589873676	797.8388484130203	0.0	0.0	0.0	0.0	0.0	0.0	0.0	0.0	0.0	0.0
CGTTTGGGTGACCTTGACTTTAGG-1_2	10.091449325347764	434.48087598241966	0.0	0.0	0.0	3.7692384170483915	16.736516005431266	0.0	0.0	11.532786705196434	0.0	3.389462406132835	0.0	67.25137732152228	0.0	0.0
CTAAGTGCATCCGCTAACTTTAGG-1_2	8.585196940399804	267.9901978947707	442.93023181210094	0.0	0.0	4.728894532477838	3.917386202035703	0.0	0.0	0.0	0.0	0.0	0.0	0.29856702631814624	2.7044651720025303	0.0
CTACCCACAAGTTAACACTTTAGG-1_2	0.0	0.0	0.0	0.0	0.0	0.0	0.0	0.0	0.0	0.0	0.0	0.0	0.0	0.0	1422.2994468329312	0.0
CTATCCGCAGCAATTGACTTTAGG-1_2	45.206268337880395	12.482354181881242	48.34892960702668	52.79855815134226	7.530534155271007	26.084318744102088	0.0	53.826903645570866	41.99067602870954	37.83055862799355	0.0	0.0	0.0	7.850971496977554	0.0	0.0
CTATGCTCAATGTGGCACTTTAGG-1_2	19.584988398387473	0.0	16.940706569808132	0.0	0.06827595784678649	3.3962075346944847	606.7713958392582	0.4183573221981657	0.0	2.6311368049234	0.0	3.6367914665994885	1.5924944384380517	2.056145524509564	0.0	14.412000371782238
CTATTACAGCCACTCGACTTTAGG-1_2	48.62245761477659	486.9950795961047	0.0	9.0765820956631	16.537076132901262	8.44733407022175	0.0	0.0	15.495145501906837	0.0	0.0	1.6964712744902108	1.0717163917252932	0.0	0.0	1.0930539174702216
CTCAACATCCAAATAGACTTTAGG-1_2	178.99592405192368	87.82945359016365	0.0	51.07859335997893	12.887989908825762	0.0	0.0	73.78078455887741	24.600111020110255	3.894143865746413	0.0	22.417418738036574	0.0	0.5908074612906793	5.655834497571841	0.0
CTCATTACAAGCTTTCACTTTAGG-1_2	260.83385599546256	259.0122169449623	0.0	0.0	0.0	0.0	11.778044428052532	0.0	0.0	0.0	0.0	0.0	0.0	6.772422006161465	0.0	0.0
CTCCATCGTTTGTTGAACTTTAGG-1_2	5.846591194845477	489.12100094962386	0.0	29.391326714830196	4.866193820738714	67.86325135526127	0.0	25.10367888712538	10.973785356959931	0.0	0.0	0.0	0.0	7.312941585085443	0.0	0.0
CTGATCCAGCACGTTCACTTTAGG-1_2	93.8526763652942	98.70151545133947	0.0	60.02162937009239	4.711403737824216	0.0	0.0	8.448348392240794	59.9261607937911	0.0	39.86508477169777	31.988539997489923	0.0	18.829927136162365	6.558777947660277	0.0
CTGCAACTCAGGGATTACTTTAGG-1_2	12.826810267886616	0.0	556.9268809949524	9.860654452135666	0.0	0.0	2.690233173682377	3.4650615419539665	0.0	0.0	0.0	14.976759635568195	0.0	0.0	0.0	19.55090343263081
CTGGTTATCTCTCGCCACTTTAGG-1_2	80.60586803585198	68.05976349950129	0.0	29.03281459945615	46.63115888840022	9.362642862533898	21.950249725534796	98.58624886391301	0.0	6.921954257051903	0.0	0.0	0.0	0.0	0.0	12.218151757596004
CTGTTTACACCATCCAACTTTAGG-1_2	186.68618064178514	100.09825830535603	0.0	66.59793603358904	8.345711275646853	0.0	0.0	0.0	0.0	11.95544223041444	85.62909589982989	0.0	96.23665339318003	20.558352650525475	2.599614107332779	0.0
CTTCAATAGGTAAGCTACTTTAGG-1_2	225.41674356849597	32.25996007430482	0.0	21.114530044095783	8.365952707288846	0.0	0.0	49.627351849701206	257.4155781316726	0.0	0.0	0.0	2.7675509510106178	0.0	0.0	0.0
CTTGCTGCACATGAATACTTTAGG-1_2	8.825073993676758	0.0	1.1932830832496235	0.0	359.9802057435009	0.0	15.463475777584911	8.786111868939546	0.0	341.6250212522895	0.0	13.581824226215641	32.550969176830435	27.837026297944732	0.0	0.0
CTTTAACAGGGTTTCCACTTTAGG-1_2	121.87304572462031	231.10818912376004	0.0	0.0	19.531873182045107	0.0	66.48136561972221	0.0	0.0	0.0	32.95132054693662	0.0	0.0	26.519388686916784	0.0	0.0
CTTTAACAGTCGAAGTACTTTAGG-1_2	52.45156344567277	112.12890669702632	0.0	49.90472113249966	23.79438220223273	41.27162324987179	36.98592806158365	0.0	0.0	0.43374809004991416	23.730071139691983	27.11395803727017	0.0	10.712715024466652	0.0	0.0
CTTTCGTTCGCAACGAACTTTAGG-1_2	247.20509998340967	49.554155234675925	0.0	43.51760056778708	5.30516585562731	25.179545048070842	0.0	133.04829491605585	17.82716635794538	3.198331791448462	0.0	0.0	0.0	0.0	0.0	2.111832006050693
GAACAATGTCAGGATAACTTTAGG-1_2	0.0	0.0	27.989596925167845	0.0	0.0	0.0	295.51024854771657	0.0	319.45624894040856	6.200818339270085	0.0	0.0	0.0	2.8127782312655083	5.978516223091094	0.0
GAAGAATAGCTTAAAGACTTTAGG-1_2	49.001902350740465	85.35927342086184	0.0	64.36312751661964	18.795576607317916	20.564026273859827	0.0	0.0	58.28760961099881	13.568520530505552	38.5687607804694	18.522349648955206	0.0	6.810351946887379	0.0	0.0
GAAGTATGTGCGGCTTACTTTAGG-1_2	97.03958451623382	119.34344189656277	0.0	43.87798647137376	18.892153745677557	13.724936930072257	35.022317355594545	18.38303633422057	0.0	7.772787202776824	0.0	21.822383749467146	7.794443738441473	7.306992464126157	0.0	0.0
GAATGACTCTGGTCTAACTTTAGG-1_2	42.25818271586844	0.0	1.914735506722155	23.869307217324597	237.88966741205687	37.396096036219745	0.0	22.187104567894345	25.881992644750657	219.3267145836495	0.0	0.0	0.0	0.0	0.0	0.0
GAATGCGTCAATTTGCACTTTAGG-1_2	82.76892946943764	118.49879738822656	0.0	76.81593774284082	16.68285913220815	4.391013687769435	31.850018752219185	7.43985807037897	0.0	9.952237551318026	0.0	0.06158161525692282	0.0	4.009476873434581	11.966350134595492	0.0
GACAGGGAGGAAGCAAACTTTAGG-1_2	34.854597855304156	43.99118352636639	0.0	51.17848413130034	120.60194531829005	17.076848366726512	13.123958164957221	0.0	0.0	20.911401017118113	5.459171987557922	6.405203124713276	16.419310166653	0.0	0.0	0.0
GACCGTGCAACTAAGTACTTTAGG-1_2	54.01203585691953	83.45649138686196	0.0	55.27044955044464	12.08319154877002	8.793587799747025	62.38935668307741	3.971287629368299	0.0	10.924500757840047	16.565475764880528	4.326060770171369	0.0	0.0	19.606794063238866	0.0
GACTAAATCTGGTCTAACTTTAGG-1_2	69.9985555766372	112.2648128606687	0.0	104.63045751438375	52.569366161432974	2.3866626037495706	48.71115468268699	28.594588659408757	0.0	5.25448371892287	0.0	17.842163730950983	0.0	7.291689754269115	0.0	0.0
GACTCAACAGATTGCAACTTTAGG-1_2	138.782670265492	0.0	89.18933443346944	15.770179320052812	25.38566259685917	24.655885312888163	15.934976991957713	7.937415853362642	0.0	5.085006781775944	30.211280785607425	0.0	0.0	0.0	18.65511670300462	0.0
GACTTACGTCATTATGACTTTAGG-1_2	31.527662508761523	151.89557007712335	0.0	34.48340463921304	14.71463216648169	7.060815840511026	51.37627639174201	22.22169850581027	0.0	20.80357564356775	3.8336186111077803	0.0	14.788912110273142	4.277466731089425	0.0	0.0
GACTTACGTTAACGAGACTTTAGG-1_2	13.022994265818161	23.97581426740399	0.0	53.56870871705629	23.586024707586947	25.27052904539	12.102039808518017	0.0	32.04687769361926	7.160182575054081	9.456969619685351	13.812179829806604	53.825860815714954	0.0	0.0	0.0
GAGCAAGCACCATCATACTTTAGG-1_2	0.0	0.0	0.0	0.0	892.973342945285	0.0	1.5818777700280726	15.502917474547314	0.0	0.0	0.0	0.0	0.0	0.0	0.0	0.0
GAGCTATAGCGCTCCAACTTTAGG-1_2	85.42985337163084	41.23495523359563	0.0	44.73947131224521	188.1721309499251	32.775579471441404	36.83391550431096	26.586140182194754	0.0	6.605972708964404	0.0	0.0	43.91576653100546	40.058753004209024	0.0	0.0
GAGGAGTAGCAATCGGACTTTAGG-1_2	0.0	0.0	0.0	0.0	0.0	16.61144353627451	528.8581848082888	0.0	323.4949597704805	5.762857526142694	0.0	2.2728132989260414	0.0	0.0	0.0	0.0
GATATGATCCTGTTCTACTTTAGG-1_2	744.5631153778234	0.0	0.0	0.0	0.0	0.0	0.0	0.0	0.0	0.0	11.557137822686366	0.0	0.0	0.0	7.551046476526787	0.0
GATCACACACCAACAAACTTTAGG-1_2	61.44409875165961	185.16557190642882	0.0	27.233753154754012	54.45278354393386	42.71625575051363	0.0	0.0	97.26426563452299	6.762712924545488	54.63309047173664	13.159712939904525	12.884706837303172	10.720403510837137	0.0	0.0
GATGGTAGTGAACGACACTTTAGG-1_2	26.469953961161618	131.33429446431887	0.0	76.09046950340134	25.689840078053404	0.13761849364433795	39.62498850068144	0.0	0.0	3.9754803257183653	47.138804103639266	0.0	1.4334122790047445	5.706400830705872	0.0	0.0
GATTAGTCAACAGAGGACTTTAGG-1_2	19.162849011701777	277.7550433507779	0.0	14.991263775623791	1.9381053987648784	0.0	31.957985563520168	0.0	0.0	0.0	1.911554926337627	14.790416021943887	0.7720047815233377	16.03190153098625	0.0	0.0
GCAAATTCAACCGGATACTTTAGG-1_2	412.90738319491766	43.47586702691435	0.0	0.3131013080334482	4.587473426528467	31.631904742339337	26.861613516054295	34.963277493053745	0.0	0.0	0.0	0.0	0.0	0.0	12.948071329717065	0.0
GCAGCAATCTTGATCGACTTTAGG-1_2	259.5004782177802	105.6753395383321	0.0	9.880158349956616	10.010019565414831	0.0	16.165693072446878	0.0	0.0	48.90806551472392	33.62722920324305	0.54090490567157	0.19342984311310887	0.0	0.0	0.0
GCAGGCTAGGCGATATACTTTAGG-1_2	0.0	371.236890992282	10.761574976712964	28.97273148729823	2.789409805398215	0.0	0.0	21.760556903450883	23.093745065864386	11.270067161242693	0.0	0.0	0.0	0.0	0.0	12.500637329930019
GCATTTGTCGGTTCCGACTTTAGG-1_2	9.232141900442294	313.37321161565285	0.0	8.742409282808623	0.0	6.34734496571831	82.39661209672697	0.0	0.0	0.43133910722857066	0.0	0.0	0.0	62.3278620237137	7.921975674107616	0.0
GCGAGCTAGTTTGCATACTTTAGG-1_2	79.47275397602981	93.64523513581422	0.0	103.33302199288438	12.081334690941848	41.204494165721385	21.349749796206652	0.0	0.0	16.596834000639255	18.898152996827303	0.0	0.0	1.3512087223199536	0.7860845991622807	0.0
GCGTTACTCCCGCTGAACTTTAGG-1_2	41.99605885849869	60.1788932294465	0.0	43.68611059488785	32.891250186323134	32.52726862323604	35.23268918551236	12.223146637743396	0.0	14.919252252605343	47.60036737601393	11.347821296855368	0.0	0.6758461339126616	0.0	0.0
GCTAACTGTGCTTCGAACTTTAGG-1_2	0.0	0.0	602.5682511081695	0.0	0.0	0.0	0.0	1.5169777370953599	16.618972371639693	0.0	0.0	0.0	0.0	0.0	0.0	0.0
GCTCACCCATCATGTCACTTTAGG-1_2	52.44480862624822	78.22460909453655	0.0	38.03535125808408	26.699843813569515	39.74929637806997	52.71697059651597	12.220916149735306	0.0	0.0	0.0	31.543662049165416	2.6851069876209093	13.424602178709042	0.0	0.0
GCTCACTAGGTATAGCACTTTAGG-1_2	514.4792192661758	9.865338756039472	0.0	4.2033168787577315	0.0	0.0	3.110956404445051	0.0	0.0	80.27951534026579	6.851731914395978	0.0	14.252653776021585	13.019800237416677	0.0	0.0
GCTCCATAGCCTGCCAACTTTAGG-1_2	183.0608646081167	102.52570695917422	0.0	8.154698115916112	0.5438719054449046	24.893513229522245	0.0	25.04114674511227	17.075886264908867	2.4626000263278764	17.272268441949514	0.0	8.725370944272026	0.0	0.0	34.04417906283803
GCTGGATCACCACACCACTTTAGG-1_2	33.59706899552127	0.0	0.0	973.0599335426672	0.0	8.107365827704731	0.0	1.208126810968696	0.0	0.0	0.0	0.0	0.0	3.7391443096777564	0.0	0.0
GCTTACATCGTCAATTACTTTAGG-1_2	84.38213036347628	106.02316047200874	2.951391092662317	66.58135498043298	13.995484782827251	13.256160813474535	22.507559585437477	3.4632973968150664	30.861523190650857	17.096170723287827	0.0	0.0	0.0	0.0	3.9126132389110118	3.2997807676777526
GCTTGATGTTTACGACACTTTAGG-1_2	132.52334215250687	126.67471764164108	0.0	59.40373073526149	25.69219171794257	0.0	22.912315830786117	0.0	0.0	8.394248936932907	36.88959986186732	0.0	0.0	7.620116904907303	0.0	0.0
GGAACCGGTATAGTGGACTTTAGG-1_2	55.787097332211076	89.32798922788459	0.0	65.13977521748683	26.979657021728645	8.955937285132672	40.02792032892481	16.284903462892522	0.0	0.9742667650126017	10.512401985683937	6.843961907135809	0.0	0.0	0.0	1.575986854889908
GGAAGCCTCGTCCCGAACTTTAGG-1_2	50.18457932873013	0.0	511.554536881215	29.81294071889185	2.20692013510925	0.0	0.0	1.4222548806332298	0.0	1.2673813574672217	0.0	12.045920210029843	0.0	0.0	0.0	1.733917921358917
GGATTGCCAGAATCGCACTTTAGG-1_2	967.0771712932374	0.0	0.0	0.0	0.0	0.0	0.0	0.0	0.0	0.0	0.0	0.0	0.0	0.0	2.1037453659484093	0.0
GGCAATCCAAATAAGGACTTTAGG-1_2	265.069451089756	0.0	23.212354987357692	16.070978566873126	0.6474486546859001	2.3591647873837123	0.0	51.20346588035063	22.41085304599706	9.019479265697855	0.0	0.0	0.0	0.0	0.0	12.244934798010485
GGCATGATCGACTTTGACTTTAGG-1_2	59.16989593147769	335.06179702171727	99.84697371579202	17.60156180493218	0.0	0.0	0.0	0.0	0.0	6.722770101702086	0.0	0.0	0.0	0.0	0.0	0.0
GGCATTTGTAATGCCTACTTTAGG-1_2	87.43937988950545	312.49011120078757	0.0	0.0	17.51307909741636	0.0	15.283533175850899	1.2185092151370311	0.0	3.40997395513109	0.0	0.5992752886176342	0.0	0.0	0.0	0.0
GGCCTTTAGCAGGTTGACTTTAGG-1_2	96.53429297940427	103.17071196631689	0.0	68.85457278273867	21.528615158572663	16.170701116052765	6.489440670018636	25.792373033330055	0.0	5.007309118165757	0.0	25.774762157733146	0.0	4.2363506171302205	0.9410645407273888	0.0
GGCGAATGTAAACCCTACTTTAGG-1_2	244.714748788418	78.98970384043787	0.0	0.0	19.66104016238525	13.117757561358284	21.05236946241199	0.0	0.0	0.0	70.43851939723784	31.167253002407712	16.51453337606477	2.5998180969054627	0.0	0.0
GGCTGATCAATTGAGTACTTTAGG-1_2	219.88214712837203	75.66992009336207	0.0	0.0	17.945209909926604	3.672185103395022	0.0	37.26311855817673	39.8797198709599	15.218761951111029	0.0	26.12644233013041	18.925094405138502	4.02139614387932	0.0	0.0
GGCTGATCACCTACTGACTTTAGG-1_2	27.084073125180684	2.8108278026353695	5.106554503072192	23.750163427531056	588.4830783351913	82.61066304559671	18.514426933289652	46.63779221073706	0.0	41.726201309880274	0.0	0.0	24.24786590755054	13.16715539626014	5.410065330016226	0.0
GGCTTAGAGGTTAGGTACTTTAGG-1_2	29.18777938689267	23.52079255607762	0.0	681.9633913448805	0.0	3.056868824648578	0.0	6.4766804995234	16.03540986381036	26.085204236601435	0.0	0.0	0.0	5.814723916074999	0.0	0.0
GGGATGGAGATAGCTAACTTTAGG-1_2	86.97264577111768	111.21035841423435	0.0	41.72995626891983	29.782955704237196	24.050270821769235	37.60105066774739	20.01290560139649	0.0	0.0	0.0	39.54909365631561	0.0	5.241478659136561	0.0	0.0
GGTGTGATCCTAAGTTACTTTAGG-1_2	289.45487294117237	26.325632172418207	0.0	53.83501366334879	0.0	0.3577739917794224	31.01491183500145	0.0	0.0	17.255131387276325	44.67691909124126	0.0	2.4252001265766023	3.674063621558892	0.0	0.0
GGTGTTTGTACGAATGACTTTAGG-1_2	79.08079751326979	88.33669917318774	0.0	22.05141267961056	2.1880777352028384	0.0	114.79566292300271	0.0	184.6743610860972	16.280591291531774	24.089671116505222	7.476196550228572	0.0	1.9106889077933438	7.3074128151504825	0.0
GGTTACCTCGGCTAAGACTTTAGG-1_2	247.95626394553102	62.31927583041273	0.0	17.35477273766824	19.071930935352153	19.80155622501028	0.0	41.841968811399376	35.12380126130702	32.332446623318866	0.0	18.948108775326443	0.0	0.0	5.371484120018269	19.913473121810938
GGTTGACCAATAGAAGACTTTAGG-1_2	198.67602583132	64.67921130271957	0.0	41.67889441295302	9.558743142093375	19.155599927680306	0.0	64.35412379326183	13.160257433509114	0.0	0.0	0.0	0.0	0.0	44.547792198640344	6.197258348977968
GTAACCTGTAACGTGAACTTTAGG-1_2	63.304609431055944	112.93440533171855	0.0	62.03126573000923	43.53057777788852	4.40211450068164	29.570892923173226	25.935594707030923	0.0	0.511079070911534	0.0	22.502020674919986	5.92719595293436	22.483821664715492	2.015567282449578	0.0
GTACCTATCCTTGTTCACTTTAGG-1_2	183.2266065651868	38.35545669908251	10.978273546006404	22.77566424235841	2.184825768039462	11.767942615201852	0.0	0.0	10.159528365313497	0.0	62.61267695059432	0.0	14.703665969849421	0.0	0.0	4.208055649936321
GTTAGCGAGCTAAATGACTTTAGG-1_2	31.763933962070254	0.0	523.3795773738229	0.0	0.0	0.0	0.0	0.0	0.0	0.0	8.029270700841543	0.2745056199964951	0.0	0.0	0.0	0.0
GTTCCATCAGCTCGCTACTTTAGG-1_2	0.0	538.4867587080854	0.0	0.0	0.3723236830239483	6.299988505388015	0.0	0.0	1.1073389103703513	2.621058229289973	0.0	0.0	0.661553012627617	0.69253451503773	0.0	0.0
GTTGGATAGGGCGGTTACTTTAGG-1_2	74.88681383182833	195.2251854229688	0.0	141.08510691244499	47.63826002581559	24.371923853475412	41.22934751345511	0.0	0.0	7.51348242372169	17.147361242712723	0.0	0.0	9.112839014490577	0.0	0.0
GTTGTTGTCGATTAAGACTTTAGG-1_2	46.618849705356666	142.05574375072445	0.0	20.249012172136577	37.888383293107445	0.0	0.0	4.746092206991153	41.415143310820575	34.58848544864238	20.229279405074113	11.002559552272391	0.0	0.0	0.0	0.0
GTTTGGGAGCAAATTGACTTTAGG-1_2	10.3468159800114	37.15157467512354	0.0	7.85941110202789	5.480501693389494	86.17312687958659	5.885061347679867	49.461848831013896	0.0	26.69688427959221	0.0	0.0	25.212233071146205	0.0	0.0	0.0
GTTTGTCCATTGCCCAACTTTAGG-1_2	0.0	0.0	804.4413077451487	0.0	0.0	0.0	0.0	0.0	0.0	0.47942866868209	0.0	0.0	0.0	0.0	0.0	0.0
TAACCAAAGCATCTATACTTTAGG-1_2	57.28397545678149	88.06159259279485	0.0	65.05439516692536	7.0730843143286615	7.316582047343212	43.41375145554399	22.619872172858017	0.0	55.33329129766083	0.0	25.550874451501866	2.1436081058747214	9.877441732396123	0.0	0.0
TAACGTTTCAGCATGGACTTTAGG-1_2	0.0	0.0	14.089308000474045	0.0	5.771836424489538	644.6447964347198	0.0	0.0	0.0	0.0	0.0	0.0	0.0	0.0	12.37823098446387	25.01340559350467
TAAGGTTCAGCAATTGACTTTAGG-1_2	225.22681791298479	0.0	61.178482600209314	17.70678597689862	0.0	28.20302399860076	0.0	58.95487602514929	14.276833812849754	2.35470721739285	0.0	0.0	0.0	0.0	32.7142714062565	0.0
TACCAGCTCATAATGGACTTTAGG-1_2	7.902736884667407	323.7835239339342	254.77003744283044	0.0	7.305799276145739	15.133397455649073	0.0	0.0	20.269274693681798	0.0	0.0	0.0	1.5663516816594083	0.0	0.0	0.0
TACCCGGTCTGTGACCACTTTAGG-1_2	0.0	92.10328425620652	505.0633837020226	0.0	0.0	0.0	0.0	0.0	0.0	0.0	0.0	3.7053877807495446	9.902877335768002	0.0	0.0	0.0
TACCTGCAGACAGACTACTTTAGG-1_2	1.2647599552847917	195.60578484183958	229.53482834841978	0.0	29.50343249878694	9.088821630542027	30.001703911554756	0.0	0.0	3.4370025158050614	11.978209368350369	50.477750148299776	0.0	4.399950003310371	0.0	0.0
TACCTTTGTTAACCACACTTTAGG-1_2	28.321260412526854	49.41171551247301	41.13803020298048	74.69089562918104	22.154690115225357	4.268169088229838	23.0150810886779	21.990858611006537	13.989087482016323	8.233333081992134	0.0	0.0	12.947229559996249	3.4114540091296908	0.0	0.0
TACTCACCATCACGAAACTTTAGG-1_2	15.841802513114615	516.8469024092835	0.0	0.0	0.0	11.306293777453682	0.0	0.0	0.0	2.5671935201612657	16.19818036194428	4.510589670153447	12.41664275760515	0.0	13.441641236165255	0.0
TAGTCTCCAAGCGATCACTTTAGG-1_2	63.93767407462744	0.0	0.0	0.0	49.07871560833498	0.0	0.0	86.78068852686157	27.338502191483585	0.0	319.39376362737926	2.1281438851905357	0.0	0.0	0.0	17.667454143128598
TAGTTGTTCCGGATAGACTTTAGG-1_2	0.0	0.0	0.0	0.0	0.0	0.0	83.56357504052983	0.0	655.2950077547343	0.0	0.0	0.0	0.0	0.0	0.0	0.0
TATACCTAGAAACCCGACTTTAGG-1_2	0.0	0.0	473.4643504693746	0.0	12.295799502741282	9.34088517825711	0.0	0.0	27.700856015850086	6.0076013391876035	24.142798060786507	40.43455620892386	0.0	0.0	0.0	8.407931758480887
TATATCCAGGCTTAAAACTTTAGG-1_2	281.8676751266785	0.0	79.66941535104476	0.0	0.0	14.339183829944007	0.0	71.76009314891934	35.35871451602565	12.298053909487589	0.0	0.0	0.0	0.0	23.32372837915299	2.439359921493505
TATCGCTCACCACAAAACTTTAGG-1_2	47.178202149812385	169.0214635945112	0.0	101.10121120070224	10.554629927900807	15.180864847110628	29.804609669071638	40.84612728578412	0.0	11.107086936887997	0.0	0.0	0.0	41.64517382856514	0.0	0.0
TATGACTTCATCCAGCACTTTAGG-1_2	39.65022133430225	223.74979040556588	0.0	37.06473132494902	2.0466285366432095	8.546001836245555	19.427215766796753	0.0	0.0	0.38713144069024213	16.758810933969343	0.0	18.562275982048913	9.660413245887952	4.957969947899444	0.0
TATGTCCCATGAGCTAACTTTAGG-1_2	0.0	0.0	0.0	0.0	307.65474478974073	43.44396221792012	0.0	0.0	0.0	145.29282235071904	0.0	0.0	513.9216714844476	0.0	0.0	32.71930859537923
TATTGCCCAAGTTGCAACTTTAGG-1_2	195.62991155756424	52.83936698314841	0.0	34.438988552222035	17.225192130872138	17.900782908088733	53.68659588088076	145.37816548175564	0.0	2.958264652962596	0.0	0.0	0.0	3.8064872451391736	8.533945375803066	0.0
TCAACTAGTGCATCGCACTTTAGG-1_2	4.173108835804024	47.591562492883874	0.0	11.089317284207036	454.8366174906896	3.6599419692910873	0.0	3.95938555825858	23.089012102368738	0.0	0.0	0.0	6.087397806666054	0.0	0.0	0.0
TCAATGGCATTTGCTAACTTTAGG-1_2	30.31623439469635	0.0	27.67743574695031	1.593295686554097	13.576713477226644	372.9848860624814	0.0	5.576024431921391	1.9562340624015366	0.0	15.492505889723573	0.0	0.0	2.262039454410824	0.0	0.0
TCACTCGCACCTACTGACTTTAGG-1_2	54.395698183440615	86.30377589955893	0.0	52.09950392735274	29.200683697156823	0.9712231054557435	32.826693603434066	0.0	0.0	0.526708642549828	16.598734761575408	11.14419190973067	0.0	5.405802532785247	0.0	0.0
TCATGAAAGCTCAAGGACTTTAGG-1_2	0.0	0.0	0.0	0.0	0.0	1038.9613956813027	0.0	0.0	0.0	12.427498520380677	0.0	33.347394098225806	0.0	0.0	10.800717764591377	0.0
TCCAAGTGTAATGCGAACTTTAGG-1_2	0.0	0.0	0.0	0.0	0.0	0.0	918.5675233306462	0.0	0.0	0.0	0.0	0.0	0.0	0.0	0.0	17.746793893638813
TCCATTACATAAGCTGACTTTAGG-1_2	0.0	0.0	0.0	0.0	0.0	1094.25572048463	0.0	0.0	0.0	0.0	15.426514612264233	0.0	0.0	0.0	0.0	4.8354018980237505
TCCTTCTAGTTGACGGACTTTAGG-1_2	46.63171269669251	0.0	0.0	12.147757399983172	562.6434744124722	48.43769011796599	0.0	0.0	32.59283644449868	65.25886851363813	0.0	0.0	0.0	0.0	26.10346553243894	0.0
TCGCGCTCATAATGACACTTTAGG-1_2	300.258447964641	156.2620329482331	0.0	22.392467739045216	0.0	1.4729962794010711	43.84452252243684	0.0	0.0	0.0	80.37325592795506	0.0	0.0	32.283838768897525	8.376824133153224	0.0
TCTAACAGTTTCAGGTACTTTAGG-1_2	53.11545860597762	31.620725346097526	96.17199072607212	66.87680911303194	38.62910006805013	2.610406967487069	0.0	45.81291825842943	34.11561075280656	19.574524266876445	0.0	0.0	0.0	11.126709683352967	0.9902450456422243	0.0
TCTCGCCTCCTTTGGAACTTTAGG-1_2	94.26839080278793	83.96809481890315	0.0	59.62689369318741	26.597155091107393	2.6983493139491075	33.93835486643148	22.74520515461605	0.0	2.299297773534285	0.0	23.989733077383768	2.125852196867255	5.3379719481086685	0.0	0.0
TGAACCTGTGTTAGCTACTTTAGG-1_2	107.35205386246139	0.0	108.6846647665747	24.219448323338728	13.572213813214985	37.43255326231957	0.0	32.85923885425812	41.436427399127865	23.593997982665492	0.0	0.0	0.0	0.0	7.191515931659108	13.765140817392885
TGAAGGAAGGTTATGAACTTTAGG-1_2	0.0	0.0	0.0	0.0	1194.6713680255573	0.0	0.0	0.0	0.0	0.0	0.0	0.0	0.0	0.0	0.0	5.428825751144992
TGATTTGGTATTGCGTACTTTAGG-1_2	34.78863083969782	451.5488290642343	0.0	50.0871137387525	5.189909239893636	17.391056533913805	18.56959531775314	0.0	0.0	12.951972494800746	12.051314485182129	0.0	0.0	0.0	15.430819980353068	0.0
TGATTTGGTTTGTCCCACTTTAGG-1_2	57.3585312586933	167.55702979242875	0.0	69.0427145782429	38.531095366025916	0.0	33.54252333818207	0.0	0.0	0.0	37.686101340085145	0.0	10.450319714731222	0.0	0.0	0.0
TGCCGGTGTACGTAAGACTTTAGG-1_2	0.0	0.0	0.0	0.0	0.0	0.0	0.0	0.0	6.434669381367538	0.0	0.0	7.043598803032248	910.8154590566551	0.0	0.0	0.0
TGCGCTAGTAAACCCTACTTTAGG-1_2	84.83985243609865	95.77965409692014	7.049372005593977	74.36683058296029	17.01847942650334	20.353578670856663	32.8841117193538	0.0	0.0	9.508937985491308	21.709112709808995	0.0	7.4138796901446655	12.116122332473893	0.0	0.0
TGCGCTAGTAACTACCACTTTAGG-1_2	46.10812010645706	130.26916108328382	0.0	53.49801916624888	1.077449960382634	21.49239555022506	16.997623225893825	0.0	0.0	0.0	31.537936892112032	0.0	0.0	9.436399491520397	0.0	0.0
TGCGCTTAGGTCTTGCACTTTAGG-1_2	110.0576145772731	118.35767400729273	0.0	61.38739117899817	47.179729894065154	26.624527245149373	34.80916715591207	0.0	0.0	3.4997327438364296	61.21282871173896	0.0	0.0	0.0	0.0	0.0
TGCGGAATCCTAAGTTACTTTAGG-1_2	31.826326150521762	0.0	16.137064266420783	7.084782302726681	16.92210764430886	18.53595861570366	439.24865644887547	0.2751911735807333	184.2061150465818	0.0	0.0	0.0	14.62617206706665	0.0	0.0	0.0
TGCTTAAGTTCGAATCACTTTAGG-1_2	161.02991335150193	85.46263641922796	0.0	36.17934175257077	18.769325901531463	24.94417420750953	0.0	66.31843243541513	14.8191260513526	6.699880296719372	21.386250708551156	0.0	1.267863289383157	17.31165045388566	0.5891016818216934	0.0
TGGAAACTCGAAGTTAACTTTAGG-1_2	560.3335022407217	0.0	7.210282070693084	6.302193266503892	0.0	2.70534315945966	0.0	0.0	0.0	0.0	7.088064144058033	0.0	0.0	0.0	0.0	22.54357264053036
TGGATCGAGCAAAGCTACTTTAGG-1_2	60.382004905061024	40.43044169549136	0.0	20.539003967687155	161.56626454412321	22.903173233176652	39.987335039468626	8.630351875624994	0.0	43.15265051550835	0.0	54.06129627222638	20.24066677185427	0.0	0.0	0.0
TGGCGTGCATATAGGTACTTTAGG-1_2	103.47695928315136	58.169788702462014	0.0	45.11882592589326	45.415939313993896	31.392097625710715	39.2421793822954	45.328077911620575	0.0	8.763664819933352	0.0	8.051553633815267	31.650018381353632	35.464306378797765	12.31586665321085	0.0
TGGGTTTGTAGGTTTCACTTTAGG-1_2	4.087639036115273	627.2640644090503	0.0	0.0	0.6401053978954103	2.0938702593437593	0.0	6.742583845456963	32.389155583208584	0.0	0.0	0.0	3.69064801497789	0.0	0.0	0.0
TGGTCAACAAGTTGCAACTTTAGG-1_2	67.18286549301952	100.02874198757351	0.0	32.549158754578905	37.70818509391806	22.397396526194633	49.93625920890931	0.8542904555256658	0.0	3.069689159935771	43.999895585875386	51.244670235133306	8.11152232827129	0.6950914072065028	0.3543741149468345	0.0
TGGTTAAAGTAGCGCAACTTTAGG-1_2	0.0	526.1146128416468	0.0	73.48224113447199	0.0	0.0	0.0	0.0	0.0	14.537705750509344	0.0	0.0	0.0	0.0	0.0	2.9591288392268815
TGTGCTGGTACTAACCACTTTAGG-1_2	0.0	0.0	0.0	0.0	0.0	0.0	0.0	0.0	0.0	1332.169909780793	0.0	0.0	0.0	0.0	0.0	0.0
TGTTAGTTCAGGCTGAACTTTAGG-1_2	62.93080117296884	38.749145135562024	111.43616790266316	48.531380240312934	23.444169038466562	38.86361208417075	0.0	27.156229167017703	53.99294218514063	9.578962036644773	37.325713271579176	0.0	0.0	1.1673399266331728	6.874284604054357	0.0
TGTTCCTTCGTCCCGAACTTTAGG-1_2	0.0	0.0	723.8678873153949	0.0	0.0	0.0	0.0	0.0	0.0	0.0	0.0	0.0	0.0	0.0	0.0	12.200745547318027
TGTTCTTGTTATGTGCACTTTAGG-1_2	69.68833536953206	109.8646174527368	14.625104726455875	17.851664267178805	0.10851020112255563	0.0	24.38950885072931	0.0	0.0	6.922339288229777	21.865756172262586	53.02324575863459	4.495034487778559	0.0	0.0	0.0
TTAGAGCAGAATGGGAACTTTAGG-1_2	371.4022238814843	0.0	80.98637790754026	36.15139162677608	9.923555641900737	0.0	0.0	31.590934545973045	49.183436278173964	10.743565702991704	0.0	0.0	0.0	0.0	0.0	2.765183206766994
TTAGCGGAGGTGAATCACTTTAGG-1_2	0.0	0.0	0.0	0.0	0.0	0.0	0.0	1184.134146074414	0.0	0.0	30.204649196193184	0.0	0.0	0.0	0.0	0.0
TTAGGTGCAAGCCTAAACTTTAGG-1_2	63.64284408887659	71.81795461427161	0.0	104.14967040378687	16.716382801417996	0.0	31.746136579086702	20.067902412548417	0.0	13.860044211136897	0.0	0.6736821970659322	0.0	10.288778003978559	8.494397414389379	0.0
TTAGGTGCATAAGTCGACTTTAGG-1_2	57.30748940753403	83.85263575903409	0.0	54.20674438522314	27.820191242355612	3.7684538677627533	40.46090060760359	32.026683272085435	0.0	13.858167339326304	0.0	32.24244127363483	0.0	13.304398367385604	0.0	0.0
TTAGTTGGTATTACCAACTTTAGG-1_2	48.90344771688415	114.57495229304094	0.0	44.597594739052674	5.027332661038853	6.87961690703522	50.315581421480964	26.772892955376765	0.0	0.0	0.0	0.0	6.278905329744229	4.1255890582756285	0.0	0.0
TTCAACTAGTCACCTAACTTTAGG-1_2	4.809179053791868	0.0	666.6687185675986	0.0	0.0	0.0	0.0	0.0	0.0	0.0	0.0	0.0	0.0	0.0	2.689032057250083	0.0
TTCCTCCCACTTCGATACTTTAGG-1_2	2.473312943429885	0.0	7.675415661813733	19.54462235361021	0.0	738.309862867607	0.0	0.0	4.83901126092038	0.0	0.0	2.9751229325745023	0.0	0.0	73.53203159520467	0.0
TTCGATTAGCAGGCTAACTTTAGG-1_2	35.837906042540055	463.60803833053916	0.0	0.0	10.161063175645843	4.526079097556875	17.63446037923656	8.85895819301019	0.0	0.0	0.0	0.0	0.0	35.88411171827974	1.4348392036721822	0.0
TTGAACAAGTTTGAGAACTTTAGG-1_2	113.15913444875498	75.16732850260948	0.0	20.892867242457733	26.776178353169257	29.273969151942527	0.0	0.0	5.393711540730985	40.35614507926315	18.15222719064646	0.0	88.15828824703698	0.0	0.0	4.602091651281183
TTGACATTCACAAACAACTTTAGG-1_2	42.340971132181366	84.46328957177988	0.0	50.22926740693701	10.064538154627709	26.63372149735667	0.0	0.0	32.69804243577279	9.460274746078863	31.71094761505319	0.0	2.891259906024582	0.0	5.881705990198606	0.0
TTGAGGAGTCACACCAACTTTAGG-1_2	108.31517353988686	94.29942778578868	0.0	96.78739633048744	12.310154283566163	11.706882604485083	28.590449609982173	14.853328644564787	0.0	27.23029889566461	0.0	0.0	0.0	1.7014215311833587	0.0	4.234267697972153
TTGAGGAGTTGCGGCTACTTTAGG-1_2	84.62772625030404	125.18696312370146	0.0	113.85919680024105	31.805096615601236	13.651043080415816	0.0	44.84061749654314	38.71566135345966	35.38823746059373	0.0	0.0	0.0	0.0	0.0	0.0
TTGTTGTAGTGAATCAACTTTAGG-1_2	9.535689714122777	0.0	6.575458002993944	44.61009639628111	0.0	617.6155651755638	19.84271073764925	0.43099991063908105	0.0	42.128864579041156	0.0	0.0	0.0	0.0	30.854393744490945	0.0
TTTAGTCAGTTACAGAACTTTAGG-1_2	194.38000014239577	20.794284656947774	56.75455722558604	6.375006464327257	29.21806146628511	7.394426313068052	53.13961682603472	33.157452018574226	0.0	1.8699941477073083	0.0	0.0	14.883972933164326	0.7449853010776495	0.0	0.0
TTTCACCTCCTAAATCACTTTAGG-1_2	77.19087093659017	117.20565089144941	0.0	47.41655024179299	14.437390906204751	0.0	25.473037583832518	49.670920534413746	0.0	15.638194303166628	0.0	10.33955378959535	0.0	0.0	0.0	0.0
TTTCACCTCGTTGCACACTTTAGG-1_2	50.24861662451796	94.58753892675156	0.0	46.80348651427512	27.502403988790995	0.0	37.521976111327405	25.134405874115302	0.0	0.0	0.0	29.29739415245442	0.0	21.483661650140778	0.0	0.0
