	1	2	3	4	5	6	7	8	9	10
AAAGCGAAGCGATAACACTTTAGG-1_2	0.0	630.8058692954668	15.604097327003828	33.324213195626974	3.9164124017439073	0.0	10.252614265264416	13.613644967995274	0.0	0.0
AAAGGTACAGCCCTTAACTTTAGG-1_2	0.0	698.8826119415427	3.6866447733831578	0.0	0.0	0.0	0.0	0.0	0.0	12.886467973551918
AAATCACCAATCATCCACTTTAGG-1_2	34.66399722693784	353.3434475134249	14.15362758708759	25.730667489572074	5.441220204730323	48.585623318752965	15.801542106277447	28.666830686605877	0.0	10.10069604632122
AAATGAGCATTTGTTGACTTTAGG-1_2	0.0	0.0	0.0	9.843317234880821	0.0	748.2751332185778	13.745753133544417	14.73291428236899	14.624495304136953	0.9514329276813396
AACCAACAGGACACGCACTTTAGG-1_2	387.1903440134102	22.618545110018967	60.623489005024354	21.076473537861222	14.011792816599707	35.703639992239395	40.761226217746135	55.89804509241816	0.0	2.610038803918135
AACCTCATCGAACCTCACTTTAGG-1_2	458.6907749495829	68.14385746245372	0.0	10.160806051737607	0.0	19.1255360549106	0.0	34.551725727448165	0.0	0.0
AACTGAGGTGCTCCAAACTTTAGG-1_2	72.78339045380548	0.0	81.92340995203044	34.297304514225786	0.8620626839216484	0.0	36.004151824935455	382.72236568179204	0.0	0.0
AAGACAACAAATAGGAACTTTAGG-1_2	0.0	856.5445815735751	0.0	0.0	0.0	5.387539896585906	0.0	0.0	0.0	0.0
AAGCCTCTCAATTGGAACTTTAGG-1_2	325.33126250882225	70.59480615290941	156.17924816384001	10.392330189586934	0.0	0.0	4.037325389501254	25.199309871400885	4.037290377486499	0.0
AAGCCTGAGTTAGTTCACTTTAGG-1_2	0.0	0.0	20.742252024315988	0.0	0.0	5.81329917083408	978.3281734542355	0.0	0.0	0.0
AAGCGGCTCTAATCACACTTTAGG-1_2	28.571072371701554	111.65101702144688	501.6820235564361	11.868770012351796	35.51492565596031	17.12218738569684	0.0	1.6327491579886415	0.0	20.717684882343956
AAGGGAGGTGGTTACTACTTTAGG-1_2	0.0	0.0	0.0	0.0	579.4159273351911	259.43896621880657	0.0	0.0	183.8704177465187	3.926526460075435
AAGGGAGGTTGTTCCCACTTTAGG-1_2	0.0	172.4980644457644	27.82914086093178	358.21735429152403	0.0	0.0	20.8810656580598	0.0	0.0	0.0
AAGGTTGGTATGGTCTACTTTAGG-1_2	21.6603283465627	555.7769209837022	11.910344957404117	0.0	0.5577544108079441	10.873224988780244	40.01880312268258	48.75252593977058	0.0	4.708174828766581
AATACTGAGGTCAAGTACTTTAGG-1_2	20.294135941244065	682.0368333164132	0.0	1.4898800023090528	0.0	0.0	0.0	0.0	0.0	0.7963999721854157
AATCACGCATCCTTGGACTTTAGG-1_2	0.0	0.0	816.4852446330628	0.0	0.0	3.894544807519836	0.0	0.0	0.0	0.0
AATCACGCATTTGGCTACTTTAGG-1_2	7.438213096031154	82.89018302909493	57.78470804610857	34.12189525150378	16.881888453846475	30.374517993173047	521.6395666903966	13.783036806046958	0.0	0.0
AATCGCGAGGTTGCAGACTTTAGG-1_2	0.04659778435495919	37.92662974331319	457.6146823564862	0.0	0.0	14.786954590555556	0.0	0.0	3.575642479510361	0.0
ACAGCGGGTTGCGCTAACTTTAGG-1_2	504.57675875610016	0.0	44.34505267756469	27.08210246315923	5.598971921505929	3.9144400122412466	41.42659865859329	20.99771446729218	3.464660601615379	12.12008797970963
ACATACTTCTGGAAACACTTTAGG-1_2	651.2833890209639	0.0	0.0	6.000411188312954	1.169493336493746	0.0	0.0	0.15071346420344287	0.0	0.0
ACCAATCGTTCACTCCACTTTAGG-1_2	0.0	704.5507958411541	11.530011804678264	25.165186353231245	9.348307344718686	26.69465171663464	34.57348683711404	4.438184227327139	0.0	0.42838067426395693
ACCACGTTCGGGACTAACTTTAGG-1_2	584.3361168059031	19.57773316424903	13.432644987162124	11.068678981844123	0.0	7.708014906669881	0.0	6.6238555187793535	0.0	4.241596376677057
ACCGGCTGTTTCCTCAACTTTAGG-1_2	6.054314477114312	361.7137191582809	124.7910997761039	53.95830475618058	9.52390833070056	0.0	0.0	9.28391692499459	0.0	4.162204427900173
ACCTCTAAGGTAGTTAACTTTAGG-1_2	380.301336146063	74.69735108198991	52.532440206166186	13.123041523080978	15.985349900066282	3.812224723251305	15.810388578038719	27.393418203216584	12.140025483427996	5.862706309579944
ACGGTAAGTCAAAGGCACTTTAGG-1_2	525.6191583227252	0.0	0.0	0.0	0.0	0.0	0.0	28.629953152412533	8.417689132540577	0.0
ACTAATGAGGAAACTCACTTTAGG-1_2	0.0	488.5209708045527	5.767587993831141	0.0	13.175678384133775	0.0	39.41238086839805	0.0	0.0	12.703844534800224
ACTACAAAGGATTATGACTTTAGG-1_2	33.777478712963685	0.0	602.7271084995541	1.7789915765771744	0.0	0.0	6.507860986636857	15.134812030615292	0.0	39.03707855372573
ACTACTAGTTTGAGCTACTTTAGG-1_2	35.356086206022745	182.2137491470709	0.0	345.7073577967146	0.6120454905862242	0.0	0.0	2.5963766808247595	0.0	0.0
AGAAGCAAGTCGTTCAACTTTAGG-1_2	91.97922760301364	553.7642467153887	0.0	0.0	3.839796939927809	4.624860288965364	10.566105320145205	0.9213741317822852	5.2467297183984885	0.0
AGAAGGTCAGGCTATAACTTTAGG-1_2	0.0	1020.739623839863	0.0	0.0	3.7411125370251357	0.0	0.0	0.0	0.0	0.0
AGACACTAGCTAGATAACTTTAGG-1_2	945.2800991329797	0.0	0.0	0.0	0.0	0.0	0.0	0.0	0.0	0.0
AGATTAGTCAACCTCAACTTTAGG-1_2	431.31808628772905	0.0	0.0	7.660209908336534	77.80153117978915	104.23949369420465	51.244117335070335	0.0	41.92200805912467	46.8051408077846
AGCATCCTCATGGAACACTTTAGG-1_2	637.5850541272648	0.0	0.0	0.0	0.0	0.0	0.0	0.0	0.0	0.0
AGCCATTGTAATCCTAACTTTAGG-1_2	40.6082003876407	373.25850342490173	74.35118865705466	0.3057046113624237	0.0	0.0	5.459493894068479	18.39059914295796	0.0	3.9110549942873263
AGCTAAATCGGGACTAACTTTAGG-1_2	0.0	22.56563470411429	595.3719392159866	5.9629884523633665	4.650511946273207	0.0	0.0	0.0	1.7552680311158364	0.0
AGCTACCTCCGGATAGACTTTAGG-1_2	590.518771600704	0.0	26.21764130710713	0.0	0.0	0.0	0.0	10.997161699711718	5.694912310897346	8.293989040415008
AGCTATGCAAATACCGACTTTAGG-1_2	514.8745928415605	17.321367596201004	26.49532532340826	6.623569615508373	14.552896348887561	1.3521989956999652	2.9704559464874483	10.617315293100495	8.683295958763514	5.0275436530308815
AGCTGGCAGGTGAATCACTTTAGG-1_2	520.9510728313328	24.403556331325365	30.453258304026807	26.19486060759548	5.0455336342848165	18.837712494574454	5.6258636599180685	47.07969127094154	0.0	4.088114383280856
AGGGACCTCAGTTAGAACTTTAGG-1_2	15.09750677850921	0.0	690.0347908598634	12.114788166814535	0.0	16.692334895739037	4.988821451069049	9.90181754796763	15.661837543170677	0.0
AGGGTGGAGGCCTTCGACTTTAGG-1_2	457.7700140106738	28.870226569678444	37.354385380699455	12.886730915845607	0.4136623238950122	12.984897898611848	34.760410016050294	0.0	7.836383256125181	0.0
AGTAAACGTGACACAAACTTTAGG-1_2	68.28999592236836	505.5563384145752	40.54720298929655	12.370593186091547	0.0	18.276778257085894	12.327026983513386	31.276308669251623	0.0	0.0
AGTAGGCGTACAAACGACTTTAGG-1_2	0.0	696.6798594664025	0.0	7.082767648981672	3.2605667838688417	4.449104424582391	44.2290222598831	0.0	0.3817638203299033	0.0
AGTGACCCAGAATCGCACTTTAGG-1_2	36.78658854823985	71.72476180729443	416.2582206092645	103.41549514717757	19.702155247316767	0.0	0.0	26.427337952541585	0.0	69.8120349635792
ATAACCAAGGTGAGCCACTTTAGG-1_2	0.0	572.9805168454535	65.08389671583912	0.0	0.0	11.692030655274536	3.0221077058592622	0.0	0.0	0.0
ATAAGCCAGAGCAACTACTTTAGG-1_2	0.0	0.0	674.8254498713246	0.0	0.0	0.0	0.0	47.82826602525036	17.373638798132696	0.0
ATAGAAGCAGTGAGGAACTTTAGG-1_2	388.4303637179517	41.842291170528284	65.09115165197173	28.238156488290635	16.548039303618154	5.63451739163108	55.67675140255654	36.82671534386668	0.390958764287238	39.69514670741249
ATATAGCCATGGGTTAACTTTAGG-1_2	4.37611139887175	0.0	670.1822338526193	0.0	0.0	0.0	6.390890907347945	0.0	0.0	0.0
ATATCGAAGGGTTTGGACTTTAGG-1_2	0.0	49.80278572104524	2.791685971912761	50.09285755509223	2.7981889143524654	6.487876834621491	686.0466459631234	0.0	2.801708586656546	7.17962976204107
ATCAGGTAGAAACTCAACTTTAGG-1_2	0.0	0.0	533.3297252372662	0.0	0.0	0.0	36.4446281881607	0.0	0.0	0.0
ATCGCGCGTTTACCGGACTTTAGG-1_2	8.244727819427535	0.0	0.0	753.0310281946009	0.0	0.0	15.392167881548193	0.0	0.0	0.0
ATCGCTCAGGAACCATACTTTAGG-1_2	212.56180551406126	4.175843051957587	11.930292655511611	7.735980608237732	440.56379277303506	1.1431559919790708	48.86974996245671	5.9587277891020936	0.0	0.0
ATCGGGCAGGACAACTACTTTAGG-1_2	0.0	0.0	0.0	0.0	0.0	0.0	0.0	0.0	0.0	976.6707960220836
ATGAAAGCATTTGTTGACTTTAGG-1_2	622.6925004049317	28.54329158514121	0.0	0.0	0.0	0.5212127618842592	0.0	0.0	12.500497342652068	1.9271996838412198
ATGAGGAAGTCTGTGCACTTTAGG-1_2	69.57058773534347	401.6996257424443	89.82850756262194	0.0	34.960536320442124	2.4056657614618056	1.486103110359543	50.2464837143151	6.111995636347899	35.24384213579746
ATGGCCTTCCAAAGGTACTTTAGG-1_2	19.489556783974066	425.8030114514504	131.2692485498385	6.3899360695969065	3.5777414363405042	18.64819442121754	41.00977985430861	0.0	12.532407392381085	3.2842957090051548
ATGTGGGTCCGCCTCTACTTTAGG-1_2	0.0	813.3802955152265	0.0	6.9661661463391615	23.343037791140482	33.39703691850046	22.344252817431208	0.0	0.0	0.0
ATTATGGAGTGTTTGTACTTTAGG-1_2	505.1955958959169	0.0	13.884808424994123	0.0	0.0	12.47425917183843	25.866295518289316	0.0	0.0	4.217196997001681
ATTCGATTCTAAATCCACTTTAGG-1_2	54.11649238602325	0.0	36.09428314999809	8.042233349386715	0.2303335192836403	0.0	704.6609970869607	0.0	0.0	0.0
ATTGATGAGCAGGCTAACTTTAGG-1_2	0.0	0.0	37.72502013671156	11.371845245332354	97.73000155211808	75.46617360998718	29.7499641241819	331.2957467641711	0.0	26.37430030599799
ATTTAGGAGGAAGCCCACTTTAGG-1_2	589.4141139844478	3.3237458617169615	0.58035112417416	0.0	3.3746305631985978	0.0	0.0	0.0	0.0	11.2804263194264
CAAGCGATCTAATCACACTTTAGG-1_2	0.0	589.7701147739359	23.300720144377593	16.98670606691084	0.0	28.357674777382805	0.0	0.0	9.12171445252543	24.090121714399526
CAATACTTCTATGCATACTTTAGG-1_2	0.0	678.3184007083959	0.0	1.186116834182031	19.212170713349156	0.0	19.44996721739224	10.984961347632092	0.3929644813560033	4.1498076882291
CACAAGCCAGGCAACTACTTTAGG-1_2	945.8922563780568	0.0	0.0	0.0	0.0	0.0	0.0	0.0	0.0	0.0
CACGTTATCCCAGACTACTTTAGG-1_2	0.0	0.0	866.7855284954304	0.0	0.13247866175127546	0.0	0.0	27.788411253847894	0.0	0.0
CAGCTGGCAGTTATGGACTTTAGG-1_2	0.0	781.0519995027199	0.0	0.0	28.564622289024733	16.552014061901524	0.0	0.0	0.0	0.0
CAGGGCAGTCAATCGTACTTTAGG-1_2	10.642296600766835	223.7599693707546	0.0	10.988490971319004	17.807527964151017	15.57203669789973	28.700238809629006	381.8435323860466	0.0	3.7494538373750173
CAGGTTCTCGCTCAGTACTTTAGG-1_2	0.0	624.979076217942	0.0	0.0	13.516012095815372	8.38724741362337	0.0	11.657487939348014	12.931286353061532	0.0
CAGTATTTCCTGGAAGACTTTAGG-1_2	29.29213526771289	69.97139045065802	391.67463075051455	26.517227156146415	0.0	44.32117430861816	3.8078558410801184	62.792703746384994	0.0	16.41742849595579
CAGTGTGAGGTGAGAAACTTTAGG-1_2	520.1536019836586	21.197794931935828	0.0	0.0	0.0	0.0	67.09640037968057	0.0	0.0	0.0
CATCCTTTCACCTAATACTTTAGG-1_2	0.0	851.9744593223456	81.14558976931718	0.0	0.0	0.0	0.0	0.0	0.0	0.0
CATTAGCGTATTTCGAACTTTAGG-1_2	106.14426230929519	537.3148282267462	3.9284422152606018	0.0	0.36368763160225875	0.0	0.0	15.45213456098788	0.0	0.0
CCAAGACCACTTCGATACTTTAGG-1_2	925.8527539379942	0.0	0.0	0.0	19.75674830194861	0.0	0.0	0.0	4.712704525587217	0.0
CCAAGTGAGCCATAAAACTTTAGG-1_2	116.81641413391057	83.62296846008279	75.47687750969813	0.0	131.28758141172582	45.7548512288343	34.22042188797705	25.00783701781194	44.151485534804195	10.654824238063288
CCACATTCAGTAATACACTTTAGG-1_2	108.9237118465322	207.83753742035535	122.73682665971825	15.729747907290232	8.618753483137327	20.359925166597783	5.860344208946935	24.875769444568135	14.51881162950275	0.0
CCACTAATCGATTCTGACTTTAGG-1_2	0.0	0.0	0.0	0.0	1352.1929789755288	0.0	0.0	0.0	0.0	0.0
CCACTAATCGGGCAACACTTTAGG-1_2	0.0	0.0	548.0658814273211	7.798057759811351	5.613887087675481	0.0	6.033661498999988	6.86887026232223	1.2012248965854107	0.0
CCAGGTTTCAACTTGTACTTTAGG-1_2	11.461779180994236	1.5565625704359882	447.9641034117386	0.0	0.0	0.0	0.7946933869822379	23.545576739191745	12.054725318665417	1.8710394086845041
CCATCAGGTTGCACTGACTTTAGG-1_2	0.0	232.15932241282292	7.283516348430894	314.9364675250782	33.73258244159658	0.0	3.6068886717811077	21.63856119542056	2.051715930146989	6.0548642704301345
CCATTCGCATTGCCTGACTTTAGG-1_2	520.2883929273278	0.0	3.607502120475067	7.052881338281818	8.16345537343402	39.28256386696854	56.49868715878973	13.419847106956162	9.096338334273954	10.945254198727232
CCCACTTGTAAACCCTACTTTAGG-1_2	46.10915937401066	348.57848506412415	122.33032119075521	68.53520398763928	9.915332170566456	0.0	0.0	14.076118081630376	0.0	4.6634866705340565
CCCTGTTGTTAGCATCACTTTAGG-1_2	297.41791779606064	6.802853504439106	93.79927112796756	22.168107865880273	0.0	2.6988375758286813	0.0	128.6195928550154	8.197622985418507	0.3567277684351294
CCGGTACGTTGAGTCTACTTTAGG-1_2	534.1004535774766	38.746400669035296	0.0	10.400729197779325	0.0	16.800158374563395	21.194897330580375	0.0	22.19823236668868	0.35333709920327555
CCTCAATCAACATAGTACTTTAGG-1_2	4.906907133990769	9.325625852497778	568.6363101214237	0.0	5.515565026430948	1.4094544385966443	20.17023120017069	0.0	0.0	0.0
CGACTTTCAAATCACGACTTTAGG-1_2	235.6903277839071	21.091555688536687	18.469836527260046	31.913286576143317	25.05939704895112	10.170264599013787	46.7180940329169	21.26453587245034	14.173116610183211	27.85819578019502
CGATTGACACGGTAACACTTTAGG-1_2	0.0	13.523608942339512	578.5684482135044	17.59384760171809	0.0	0.0	13.021152111033025	0.0	0.0	0.0
CGCACATTCATTGCATACTTTAGG-1_2	68.84511158551858	43.56885420740426	48.01216974954355	6.267002060329924	12.872260667301928	60.67428614328424	136.79643886951095	0.0	0.0	73.18906241205718
CGCAGCACACTAGTAGACTTTAGG-1_2	855.6658668235481	0.0	0.0	0.0	0.0	0.0	0.0	0.0	0.0	0.0
CGCGACACAAGCGAAGACTTTAGG-1_2	16.433413161569632	554.3553967950362	0.0	0.0	0.0	0.0	0.0	59.72304444476227	0.0	0.0
CGCTGGACATGTGGCGACTTTAGG-1_2	28.918072271873722	750.4313656827042	60.136523005860425	0.0	0.0	13.98218259214708	0.0	21.52518104922098	0.0	0.0
CGGAACCAGTCTAACTACTTTAGG-1_2	0.7910088462053438	0.0	0.0	0.0	0.0	0.0	1339.318385989741	0.0	16.054252284033897	0.0
CGGTCAAAGGCGAGAGACTTTAGG-1_2	0.0	476.89270853204516	87.56412240530517	0.0	0.0	28.83680603953015	3.8569713149610516	22.423001330678876	0.0	19.91184046551844
CGTAATCGTGGACACGACTTTAGG-1_2	35.34427495393059	114.52266068081283	32.34114465691797	112.79956792152203	25.695160891134417	16.017454974961762	54.53180572199353	0.0	44.9401830303467	54.58263466644666
CGTAATTTCCTGGAAGACTTTAGG-1_2	644.35770993387	0.0	0.0	0.0	0.0	0.0	0.0	0.0	0.0	0.0
CGTGTCCCATTGCATCACTTTAGG-1_2	553.7552900780917	0.0	0.0	0.0	21.52599846468347	18.15823351174279	28.317948817883476	0.0	0.0	0.0
CGTTATGTCGCCTCGAACTTTAGG-1_2	0.0	4.302232405933267	0.0	0.0	18.46605233339574	825.162733766345	0.0	0.0	0.0	0.0
CGTTTGGGTGACCTTGACTTTAGG-1_2	71.69626138078915	38.773577333115185	434.39475438929406	7.884942814718014	0.0	1.671786342975308	0.0	0.0	0.0	60.92972697364023
CTAAGTGCATCCGCTAACTTTAGG-1_2	0.0	0.0	746.6880854792464	0.0	0.0	2.117583528542517	0.0	0.0	1.5572325479645852	0.0
CTACCCACAAGTTAACACTTTAGG-1_2	0.0	0.0	0.0	0.0	0.0	0.0	0.0	0.0	1469.196424384373	0.0
CTATCCGCAGCAATTGACTTTAGG-1_2	117.63960023926701	0.0	11.046284984934779	23.75894044837672	0.0	17.69913763512686	23.199351147374593	350.49416846906706	0.0	1.1114958242852937
CTATGCTCAATGTGGCACTTTAGG-1_2	0.0	41.653916245158214	11.26744618079788	617.8981174063863	0.0	2.0819114027990815	0.0	0.0	1.15975042435039	15.98889798811652
CTATTACAGCCACTCGACTTTAGG-1_2	0.0	8.584370187253803	518.9748401564465	16.96128462504068	17.714479969195555	8.676259420318305	15.546389554906105	0.0	0.5474730127965834	0.0
CTCAACATCCAAATAGACTTTAGG-1_2	0.0	570.6235032976492	11.353589425407854	0.0	0.0	0.0	46.82822756429875	65.82700269838111	0.0	0.0
CTCATTACAAGCTTTCACTTTAGG-1_2	0.0	498.9716199352555	218.27441931611668	0.0	0.0	0.0	0.0	0.0	0.0	0.0
CTCCATCGTTTGTTGAACTTTAGG-1_2	83.23606951754512	0.0	495.10507356099015	2.832822153569954	0.0	67.41113300985516	17.683863224885123	52.77241211169746	0.0	0.032528001072992765
CTGATCCAGCACGTTCACTTTAGG-1_2	574.4025373502847	53.45861955846793	0.21477166701719974	22.550955074134247	0.0	0.0	19.49663446348206	22.23786573801021	0.0	10.812007180215703
CTGCAACTCAGGGATTACTTTAGG-1_2	7.919886579915614	7.020208714713603	594.3957147718094	0.0	0.0	0.0	26.67293941765366	0.0	0.0	4.836141384055435
CTGGTTATCTCTCGCCACTTTAGG-1_2	25.584228773764828	341.00042372341267	14.249101211165172	3.3647734298766854	37.31844943425504	0.0	5.103326428810647	102.49189657502612	0.0	5.92291374260959
CTGTTTACACCATCCAACTTTAGG-1_2	0.0	684.2886664617802	6.96429406629522	0.0	0.0	0.0	28.605084073560068	43.39233118450666	92.27334023730755	11.1078636674627
CTTCAATAGGTAAGCTACTTTAGG-1_2	0.0	798.9991412602765	0.0	222.42729248821385	0.0	0.0	0.0	0.0	0.0	0.0
CTTGCTGCACATGAATACTTTAGG-1_2	0.0	26.624249370244687	0.0	19.786038097769936	638.0711640693446	18.69562855092604	4.954971558674939	6.824781150065692	61.63466800325143	41.067802506989466
CTTTAACAGGGTTTCCACTTTAGG-1_2	8.38582986224313	303.3198285274276	207.3775911502243	56.26590031969475	3.6659485205226807	0.0	0.0	9.407302697372193	0.0	21.334497038125246
CTTTAACAGTCGAAGTACTTTAGG-1_2	450.32450366566735	13.981523558206689	42.71379338569751	9.1572483733345	0.0	33.3200441045702	22.196589698277805	20.052149123798333	0.0	3.1738191542913556
CTTTCGTTCGCAACGAACTTTAGG-1_2	19.652043641460846	531.4663557538555	0.0	0.0	0.0	12.03811524700653	18.49180382858089	136.1293705319218	0.0	0.0
GAACAATGTCAGGATAACTTTAGG-1_2	17.214719204134816	0.0	25.969593915376638	632.4314350112913	0.0	0.0	0.0	1.8852326461833582	1.1706862156495523	0.0
GAAGAATAGCTTAAAGACTTTAGG-1_2	608.9623087161289	0.0	0.0	20.12800296377526	0.0	9.354044577792463	4.566186488378675	16.935731133990213	0.0	0.0
GAAGTATGTGCGGCTTACTTTAGG-1_2	523.6049705065004	40.90264794367444	37.42633193084898	2.586590810130662	0.0	6.020672675235817	2.5478203174945837	0.0	5.899478336574781	1.2484796906483664
GAATGACTCTGGTCTAACTTTAGG-1_2	0.0	41.60908042350845	0.0	26.72581494198542	408.82674906536454	67.3545541007331	20.79576423024218	57.739467005192324	9.740033761607808	0.0
GAATGCGTCAATTTGCACTTTAGG-1_2	652.3084412045413	0.8034686387356413	8.785799698744635	0.0	0.0	0.0	0.0	0.0	0.0	0.0
GACAGGGAGGAAGCAAACTTTAGG-1_2	152.94777806618401	19.26937334126227	18.45890100486281	2.781460777382796	136.69224039135088	15.490928870233896	40.07077987101206	0.08883488032651256	15.52932130700447	0.0
GACCGTGCAACTAAGTACTTTAGG-1_2	469.28569860865014	21.511845078617434	2.9952211876481654	33.4406915777184	0.0	4.165000055441457	0.0	0.0	11.353889054952763	0.0
GACTAAATCTGGTCTAACTTTAGG-1_2	640.4104961903929	23.937531395469293	3.6987402686830637	8.788367584470594	20.782298041292197	0.0	41.87427687933617	0.0	0.0	0.0
GACTCAACAGATTGCAACTTTAGG-1_2	22.054448500319808	462.6154564111058	29.728900079388833	0.0	11.737105013832569	12.251772707924202	0.0	17.93332467973128	11.719963878625142	0.0
GACTTACGTCATTATGACTTTAGG-1_2	430.19053651305927	0.0	77.13992688634939	23.944696395728794	1.2886626599053066	1.0856913571010638	0.0	16.44854214512276	14.766835197155125	0.0
GACTTACGTTAACGAGACTTTAGG-1_2	75.39740811868994	16.284900145766294	8.700357154951156	39.63999709805307	21.257239339742178	24.644177685434883	59.390107076791516	9.920418226005191	55.81694489218449	0.0
GAGCAAGCACCATCATACTTTAGG-1_2	0.0	0.0	0.0	0.0	911.1546771284407	0.0	0.0	13.419085748959132	0.0	0.0
GAGCTATAGCGCTCCAACTTTAGG-1_2	126.6055884142681	239.82102955273945	0.0	20.597117801166387	189.34516257882905	20.050629773326108	18.68092941346038	12.311404177534891	39.98270655733517	36.93655160407843
GAGGAGTAGCAATCGGACTTTAGG-1_2	0.0	0.0	0.0	868.3982684212275	0.0	18.216302160480563	0.0	0.0	0.0	0.0
GATATGATCCTGTTCTACTTTAGG-1_2	56.842990238461034	641.6565018294872	0.0	0.0	0.0	0.0	0.0	8.730946189978532	3.532463617469714	0.0
GATCACACACCAACAAACTTTAGG-1_2	540.4573714702648	15.693173204889112	99.87833144026644	63.40274179694736	20.926437861726402	31.536649346505627	0.0	94.70582561048394	8.554220483883666	0.0
GATGGTAGTGAACGACACTTTAGG-1_2	361.0649500644125	0.0	79.33263446758616	13.95122257650489	0.0	0.0	26.383411152360033	108.58319819270888	0.0	0.0
GATTAGTCAACAGAGGACTTTAGG-1_2	88.44835526473145	89.9346307250289	259.30575145412956	20.917959822814165	0.0	0.0	12.116287685434768	0.0	0.0	10.009055791198683
GCAAATTCAACCGGATACTTTAGG-1_2	0.0	604.7282345740862	11.06272608547304	14.085661435262091	0.0	30.868171586170956	0.0	9.800826153879717	7.852428119524997	0.0
GCAGCAATCTTGATCGACTTTAGG-1_2	0.0	671.6937614976698	29.10231064650342	0.0	18.066716738867317	0.0	0.0	0.0	0.0	0.0
GCAGGCTAGGCGATATACTTTAGG-1_2	96.3056585766007	0.0	381.01199783156505	14.460915654312922	2.7927545561863405	0.0	16.224753479412133	30.071092366238673	0.0	1.6476103981460783
GCATTTGTCGGTTCCGACTTTAGG-1_2	106.17826589258465	63.11581806548109	302.3976721706597	72.34041780453676	0.0	0.0	0.0	0.0	2.3748005986894962	55.30667880165831
GCGAGCTAGTTTGCATACTTTAGG-1_2	563.0964345242533	21.323266658140092	0.0	0.0	0.0	34.33517443735268	31.308830513939704	0.0	0.0	0.0
GCGTTACTCCCGCTGAACTTTAGG-1_2	488.6258150103405	0.0	0.0	2.070590977541326	12.570662439417637	25.31435445312409	0.0	41.155610278817996	0.0	0.0
GCTAACTGTGCTTCGAACTTTAGG-1_2	0.0	0.0	636.1212947058028	7.967873858123125	0.0	0.0	0.0	0.499004213093835	0.0	0.0
GCTCACCCATCATGTCACTTTAGG-1_2	512.8396598304939	0.0	0.0	21.40928721239718	0.0	28.361431524421395	7.353263115859959	0.0	0.9793225811945957	9.286306534947817
GCTCACTAGGTATAGCACTTTAGG-1_2	0.0	558.6311315584595	9.24330867896888	0.4050117669093363	20.303060736502925	11.101356886196976	9.085086084933968	0.0	31.59429554460877	12.058725217422406
GCTCCATAGCCTGCCAACTTTAGG-1_2	0.0	590.651023064928	25.670025640684845	0.0	0.0	8.496826454482779	0.0	0.0	0.09345792704434348	28.3095622823682
GCTGGATCACCACACCACTTTAGG-1_2	0.0	28.246897092313517	0.0	0.0	0.0	6.612073870686203	1000.8685797080506	11.418858456897246	0.0	0.0
GCTTACATCGTCAATTACTTTAGG-1_2	534.1868761346167	39.367798721505814	17.779773428797295	20.829443788362024	0.0	6.017818615755326	0.0	0.0	0.02718091601593389	0.0
GCTTGATGTTTACGACACTTTAGG-1_2	506.8273133464836	85.5140779576085	44.2670106854491	0.0	2.3498224556296856	0.0	0.0	32.91231670557318	0.0	0.0
GGAACCGGTATAGTGGACTTTAGG-1_2	556.6217633606127	0.0	0.0	5.604800152864203	0.0	0.0	1.0637134939498354	5.696402903998836	0.0	0.0
GGAAGCCTCGTCCCGAACTTTAGG-1_2	125.37390652862176	23.80847044622177	508.1694956077938	0.0	0.0	0.0	29.786612684808635	0.0	0.0	0.0
GGATTGCCAGAATCGCACTTTAGG-1_2	38.122595844940754	806.6570631285942	0.0	0.0	0.0	0.0	0.0	0.0	5.408842116515245	0.0
GGCAATCCAAATAAGGACTTTAGG-1_2	0.0	504.06962104150034	0.0	4.8545807083272585	0.0	0.0	0.0	35.40671686566093	0.0	8.040488420404149
GGCATGATCGACTTTGACTTTAGG-1_2	38.60230013194243	12.868347573840472	454.05410858330384	0.0	1.9852414462836463	0.0	17.597339844444075	0.0	0.0	0.0
GGCATTTGTAATGCCTACTTTAGG-1_2	196.7538272185157	47.925032249679745	287.5883541948258	1.1167511870072437	8.659495708318278	0.0	0.0	0.0	0.0	0.0
GGCCTTTAGCAGGTTGACTTTAGG-1_2	808.5087970583252	0.0	0.0	0.0	0.0	0.0	0.0	0.0	0.0	0.0
GGCGAATGTAAACCCTACTTTAGG-1_2	26.59610690899872	600.0129075441716	10.941991384709143	0.0	1.835040022762853	0.10402024404145395	0.9262120492224135	36.51249588734483	13.461069968040615	0.0
GGCTGATCAATTGAGTACTTTAGG-1_2	0.0	485.9307077319171	27.52527092741337	25.114145344647543	14.230543957544397	0.0	10.814730344724977	28.459921303666025	18.530294501715478	0.0
GGCTGATCACCTACTGACTTTAGG-1_2	20.583822281130704	32.77990742613657	0.3900016905689915	15.544718631441805	657.9842007043826	68.09095163110857	23.641806668866195	56.95445089865103	25.560015282030303	13.970435454792696
GGCTTAGAGGTTAGGTACTTTAGG-1_2	0.0	49.542054652175416	20.35698430683725	15.520316619733743	9.883280459494719	9.108177095117004	701.4545869829138	2.586064555435187	0.0	2.7123790376221244
GGGATGGAGATAGCTAACTTTAGG-1_2	588.1628646213184	17.856320643988756	15.279730306396754	2.082711952465512	0.0	13.574527852998491	12.77890711880784	6.0606775209511685	0.0	0.0
GGTGTGATCCTAAGTTACTTTAGG-1_2	36.17931940468897	535.6712526435659	0.0	12.823306074123751	0.0	0.0	33.443336565414924	7.9483023457574244	0.0	0.0
GGTGTTTGTACGAATGACTTTAGG-1_2	277.29709806483845	19.76365900581082	48.37880353689526	291.3031677027496	0.0	0.0	0.0	20.750442789534006	4.5670705936194835	0.0
GGTTACCTCGGCTAAGACTTTAGG-1_2	0.0	811.0529807196143	0.0	0.19576446504384928	13.076569391487244	4.217231243789391	0.0	0.0	0.0	6.599988984242229
GGTTGACCAATAGAAGACTTTAGG-1_2	5.9946052638533125	675.6201611150773	0.0	0.0	0.0	0.0	4.5972843915769666	34.210974673147355	34.374517796166195	0.0
GTAACCTGTAACGTGAACTTTAGG-1_2	654.0567932740715	0.0	3.2167072542960633	0.0	6.342888406533126	0.0	2.96556640255969	0.0	5.061342468719606	17.450499567694695
GTACCTATCCTTGTTCACTTTAGG-1_2	26.90907244703161	457.9764506540785	0.0	0.0	0.0	0.0	0.43743397489821717	38.20083186628012	8.745627851067644	0.0
GTTAGCGAGCTAAATGACTTTAGG-1_2	0.0	2.605608586253025	555.6906355288262	0.0	0.0	0.0	0.0	3.4456965615366375	0.0	0.0
GTTCCATCAGCTCGCTACTTTAGG-1_2	0.0	11.893850046404339	551.695009290348	0.0	0.8557515606179745	4.198619159315909	0.0	0.0	0.28613982576353386	0.0
GTTGGATAGGGCGGTTACTTTAGG-1_2	554.0559658843645	11.094231887495464	111.21595792402934	8.245970893526856	23.097595012277775	16.306117857905335	74.75800176804482	0.0	0.0	0.0
GTTGTTGTCGATTAAGACTTTAGG-1_2	498.35395478820607	31.724812727863007	45.56496831079518	6.231694912373673	31.50861305135301	0.0	0.0	0.0	0.0	0.0
GTTTGGGAGCAAATTGACTTTAGG-1_2	0.552937148747199	29.822113494608722	30.886134561038453	4.123867227689918	17.98554237940817	94.17791497607077	6.381722635010828	51.32621582909948	27.66760549657889	0.0
GTTTGTCCATTGCCCAACTTTAGG-1_2	0.0	0.0	825.8662720262842	0.0	0.0	0.0	0.0	0.0	0.0	0.0
TAACCAAAGCATCTATACTTTAGG-1_2	534.0279850820917	26.114112675762208	0.0	10.238090191591862	7.277492922947434	7.693342268049554	23.87182187906041	4.056426792244003	6.691837416329659	2.5465488595712764
TAACGTTTCAGCATGGACTTTAGG-1_2	0.0	0.0	11.76078762522956	0.0	0.0	666.9927097259455	0.0	0.0	4.199036857224041	24.696731146931572
TAAGGTTCAGCAATTGACTTTAGG-1_2	0.0	549.8101928950094	0.0	0.0	0.0	15.949999846143243	0.0	27.93343184489984	26.726412172794188	0.0
TACCAGCTCATAATGGACTTTAGG-1_2	0.0	11.740962144472538	602.1884230221352	15.937388851137738	5.74397206636048	12.760903797819338	0.0	0.0	0.9338074889234332	0.0
TACCCGGTCTGTGACCACTTTAGG-1_2	0.0	0.0	628.3923898708639	0.0	0.0	0.0	0.0	0.0	8.753294590233805	0.0
TACCTGCAGACAGACTACTTTAGG-1_2	123.54633981801753	0.0	427.24411174748707	18.555376070546842	23.891188489533125	2.8523867447182147	35.76803951557711	28.85395055907067	0.0	0.0
TACCTTTGTTAACCACACTTTAGG-1_2	406.393628517922	0.0	23.340430695449623	12.772374834488527	4.978484125134137	0.0	24.56083496890814	12.217478544133945	11.965032441271173	0.0
TACTCACCATCACGAAACTTTAGG-1_2	28.486670605568527	51.14784854634467	520.3911715303951	0.0	0.0	8.617727623909246	0.0	15.407623455179786	26.110805628636687	0.0
TAGTCTCCAAGCGATCACTTTAGG-1_2	11.267158540796482	105.86844232196717	0.0	12.274696517804214	37.706826941502484	0.0	0.0	469.22773225096597	0.0	16.311327218865515
TAGTTGTTCCGGATAGACTTTAGG-1_2	0.0	0.0	0.0	756.2820823721282	0.0	0.0	0.0	0.0	0.0	0.0
TATACCTAGAAACCCGACTTTAGG-1_2	58.437798218394114	0.0	490.0262919204862	19.431842269518043	12.161155889134863	6.991558994812779	29.487808454375884	32.1594314124494	0.0	0.0
TATATCCAGGCTTAAAACTTTAGG-1_2	0.0	901.3077646311307	0.0	0.0	0.0	0.0	0.0	0.0	2.7562480032301115	0.0
TATCGCTCACCACAAAACTTTAGG-1_2	444.01840222624463	0.0	98.98343937991164	2.2291368397692737	0.0	8.790248174125665	46.06269114627326	33.57453572550627	0.0	40.466343206539705
TATGACTTCATCCAGCACTTTAGG-1_2	75.77595924454162	147.97422815645683	203.9679235055144	6.87621289733556	0.0	2.358763876467661	17.953613136065574	21.347160745461547	20.108791346225544	1.5232349546987713
TATGTCCCATGAGCTAACTTTAGG-1_2	0.0	0.0	0.0	0.0	426.22671505002506	58.79549441228228	0.0	0.0	538.1817989561112	21.79249644670711
TATTGCCCAAGTTGCAACTTTAGG-1_2	0.0	547.9507462174178	0.0	30.382155740851687	0.7260343950649495	2.653536374495212	5.706781810080825	162.3774025825553	1.6032880250484964	0.0
TCAACTAGTGCATCGCACTTTAGG-1_2	34.31925977626645	53.74398978784444	33.478907007236195	16.039485663308994	476.06175285329573	0.0	4.024581937232468	0.0	0.0	0.0
TCAATGGCATTTGCTAACTTTAGG-1_2	60.10275108579851	10.928090697675527	19.470287231766562	0.0	0.5982607817537602	384.4554360999209	0.0	21.84863980571516	0.0	3.27249356804511
TCACTCGCACCTACTGACTTTAGG-1_2	587.3252207637004	0.0	0.0	0.0	0.0	0.0	0.0	0.0	0.0	0.0
TCATGAAAGCTCAAGGACTTTAGG-1_2	0.0	0.0	0.0	0.0	0.0	1088.4989922223972	0.0	0.0	4.974498540066082	0.0
TCCAAGTGTAATGCGAACTTTAGG-1_2	0.0	0.0	0.0	935.1539464134078	0.0	0.0	0.0	0.0	0.0	14.347478223974166
TCCATTACATAAGCTGACTTTAGG-1_2	0.0	0.0	0.0	0.0	0.0	1125.8937039740636	0.0	0.0	0.0	3.4514502332234613
TCCTTCTAGTTGACGGACTTTAGG-1_2	29.68244131288091	17.618858040224264	0.0	30.609628334635154	663.0536378781309	39.71277847530528	11.857232159880299	0.0	12.12927251662878	0.0
TCGCGCTCATAATGACACTTTAGG-1_2	0.0	909.0995895473197	51.78110361294141	7.5318145215527466	0.0	0.0	0.0	7.725207968361283	0.0	16.065216295118557
TCTAACAGTTTCAGGTACTTTAGG-1_2	471.8372721000053	13.840010069043574	51.45678107845401	3.9203176596742337	25.52934975445917	0.0	7.177531298503117	34.28028512902701	0.0	4.151500466912369
TCTCGCCTCCTTTGGAACTTTAGG-1_2	705.6188919663471	0.0	0.0	0.0	0.0	0.0	0.0	0.0	0.0	0.0
TGAACCTGTGTTAGCTACTTTAGG-1_2	10.413397159251842	375.88525344963386	65.22809340259256	26.31725925019625	13.565660873153572	36.427763422116655	5.910168401515576	9.580429186803688	0.0	12.375892798661017
TGAAGGAAGGTTATGAACTTTAGG-1_2	0.0	0.0	0.0	0.0	1250.7798340554305	0.0	0.0	0.0	0.0	0.0
TGATTTGGTATTGCGTACTTTAGG-1_2	81.71827155692984	42.2633082246676	448.53042406125275	11.58536962402195	7.596798101860817	19.73978611311109	39.85797523699305	2.827897327252577	8.668851061237767	0.0
TGATTTGGTTTGTCCCACTTTAGG-1_2	363.3206686534635	83.77487201834022	108.92141570431401	3.8491728588919494	5.519535421581508	0.0	15.00953039636477	70.14330841646293	5.052389427642233	0.0
TGCCGGTGTACGTAAGACTTTAGG-1_2	0.0	0.0	0.0	3.866899425227544	0.0	0.0	0.0	0.0	932.2038139903569	0.0
TGCGCTAGTAAACCCTACTTTAGG-1_2	410.31463242667917	106.64119396487908	32.47701809425807	2.598326930897788	0.0	11.274379843553868	17.467587150182364	49.54859787488051	3.112680603453912	3.7230636700819133
TGCGCTAGTAACTACCACTTTAGG-1_2	169.93215244386718	45.62477361852363	107.54136721915495	0.0	0.0	12.347792067481713	27.637298288355744	92.04295482195535	0.0	3.1361693071905923
TGCGCTTAGGTCTTGCACTTTAGG-1_2	304.61727338176553	36.539172362687964	69.08631279320393	8.915011321131692	18.53329842638714	16.987819683885505	14.771294919541036	206.0911630634241	0.0	0.0
TGCGGAATCCTAAGTTACTTTAGG-1_2	9.915506687082758	6.349511656063681	16.358691160983653	643.5352488800108	15.372005006019991	18.57632106986985	7.997083621298005	5.253423407446634	14.93403260890243	0.0
TGCTTAAGTTCGAATCACTTTAGG-1_2	0.0	604.0499843241985	3.93332765062565	0.0	0.0	7.596645367912464	4.438057814338078	68.03241670600816	0.0	10.791041878065299
TGGAAACTCGAAGTTAACTTTAGG-1_2	80.00807047362981	525.4928045250988	0.0	0.0	0.0	7.854270997513926	3.995665981830713	0.0	0.0	22.86458229736239
TGGATCGAGCAAAGCTACTTTAGG-1_2	291.07653402815896	29.39831269601189	0.0	20.773194793328845	187.2388043650566	17.940962809764223	43.63809474959064	0.0	22.24512143374126	0.0
TGGCGTGCATATAGGTACTTTAGG-1_2	27.586208760448528	217.40903380404546	14.052377523155332	38.57992080020601	40.95140667530553	15.205099738466568	60.51915985179221	34.1732082560375	56.109617858668685	131.9936848136691
TGGGTTTGTAGGTTTCACTTTAGG-1_2	8.435513485430018	0.0	645.4846041593727	32.08012377970618	0.0	0.0	0.0	0.0	3.4883806664539767	0.0
TGGTCAACAAGTTGCAACTTTAGG-1_2	682.9946191311543	0.0	0.0	6.32664455730901	3.4481861487654473	10.403991186695514	0.012654242364493966	14.948740046638113	6.554317155834122	0.0
TGGTTAAAGTAGCGCAACTTTAGG-1_2	14.378289865828357	9.33835996049783	536.4368376405396	0.0	0.0	0.0	71.84560777127624	0.0	0.0	0.0
TGTGCTGGTACTAACCACTTTAGG-1_2	0.0	31.942839727599964	0.0	6.361450935912821	718.8256544362118	206.67377361751602	0.0	24.645800224450372	114.84028737147233	6.5960824026377995
TGTTAGTTCAGGCTGAACTTTAGG-1_2	227.48462310260734	0.0	91.47566016077408	23.547413109950213	0.0	17.21175279934544	0.0	419.2675154660996	0.0	0.0
TGTTCCTTCGTCCCGAACTTTAGG-1_2	0.0	0.0	762.5728606907446	0.0	0.0	0.0	0.0	0.0	0.0	0.0
TGTTCTTGTTATGTGCACTTTAGG-1_2	685.8377853794193	0.0	0.0	0.0	0.0	0.0	0.0	0.0	0.0	0.0
TTAGAGCAGAATGGGAACTTTAGG-1_2	0.0	635.0785488097985	38.238420400090526	35.39139961708144	5.1911802646083105	0.0	26.136936946290362	0.0	0.0	0.0
TTAGCGGAGGTGAATCACTTTAGG-1_2	0.0	0.0	0.0	0.0	0.0	0.0	0.0	1427.9564321315609	0.0	0.0
TTAGGTGCAAGCCTAAACTTTAGG-1_2	543.992457055096	19.600927027768222	0.0	0.0	0.0	0.0	33.752579859749694	0.0	3.499343604186287	2.628027347025671
TTAGGTGCATAAGTCGACTTTAGG-1_2	350.58101638782574	19.909596815810882	26.793078800643432	18.1327432623692	17.07392552621144	0.0	45.99329701723342	37.99919407354262	0.0	7.5601002233510854
TTAGTTGGTATTACCAACTTTAGG-1_2	310.21456201440344	0.0	61.79684361824112	29.169987172428826	0.0	0.0	0.0	135.29149864229646	0.0	0.0
TTCAACTAGTCACCTAACTTTAGG-1_2	0.0	0.0	697.6741357827395	0.0	0.0	0.0	0.0	0.0	0.0	0.0
TTCCTCCCACTTCGATACTTTAGG-1_2	3.8097688959859273	1.9311408627423055	0.3865619432535912	1.6373756044066679	0.0	765.2256019328553	22.84927225328004	0.0	65.73009960827251	0.0
TTCGATTAGCAGGCTAACTTTAGG-1_2	7.19017457644926	64.74010957092318	478.55384557857366	13.283902177723078	6.50849733179646	2.7656830653271127	0.0	16.104943170988353	0.0	25.341973501957618
TTGAACAAGTTTGAGAACTTTAGG-1_2	63.07039068214694	303.9787479509735	31.82854555730767	0.0	41.40301470589607	27.838785916861088	0.0	0.0	91.26137227523367	0.0
TTGACATTCACAAACAACTTTAGG-1_2	219.29132163204068	99.37115302034904	36.745241326963175	12.116737032230057	0.0	18.89385451695392	13.24521956039934	74.74613314714655	5.787095200519237	0.0
TTGAGGAGTCACACCAACTTTAGG-1_2	436.12014181752176	57.64182360413428	26.08614566491189	3.4610770552124333	5.4315564539418375	10.233142127763664	44.63602011273652	3.0486195869093913	0.0	0.0
TTGAGGAGTTGCGGCTACTTTAGG-1_2	797.553929452639	11.721430904591827	0.0	0.0	6.72086874666189	5.451690942396311	10.338060210127058	13.111992923636153	0.0	0.0
TTGTTGTAGTGAATCAACTTTAGG-1_2	0.0	25.30390536606369	1.1994742740087116	19.402968537328523	7.390432168230409	651.9509015359545	44.6697568282658	5.588548293412662	33.99817116857962	0.0
TTTAGTCAGTTACAGAACTTTAGG-1_2	31.633126169500397	580.6647019295707	0.0	27.25523355304299	10.88488648151436	0.0	0.0	0.0	6.81592640613869	0.0
TTTCACCTCCTAAATCACTTTAGG-1_2	554.6027755675282	0.0	22.223163806394467	0.0	0.0	0.0	0.0	33.9310459907036	0.0	0.0
TTTCACCTCGTTGCACACTTTAGG-1_2	486.0027969639935	10.64461336808856	14.38837460626943	7.393368270480544	0.2211939469240066	0.0	16.86567229792942	0.0	0.0	14.93050823606161
