	1	2	3	4	5	6	7	8	9	10	11	12	13	14	15	16	17	18	19	20	21
AAAGCGAAGCGATAACACTTTAGG-1_2	82.22947986992183	0.0	5.2258492223245065	7.48880802869438	84.99783244060625	0.0	0.0	0.0	15.66175094916375	0.0	0.0	0.0	0.0	0.0	0.0	0.0	0.0	0.0	0.0	0.0	0.0
AAAGGTACAGCCCTTAACTTTAGG-1_2	0.0	3.9002703965614427	30.19326997824071	16.71189549786847	0.0	79.85085094346725	0.0	0.0	10.163740392374434	35.19172502708468	0.0	0.0	0.0	0.0	0.0	0.0	0.0	0.0	0.0	0.0	0.0
AAATCACCAATCATCCACTTTAGG-1_2	61.44064311815836	0.0	18.677768621632865	0.0	67.1669435462755	0.0	0.0	0.0	0.0	0.0	19.89645237546443	0.0	0.0	0.0	9.721731108067933	0.0	0.0	0.0	0.0	0.0	0.0
AAATGAGCATTTGTTGACTTTAGG-1_2	0.0	42.90937136548224	25.204104475817267	0.0	0.0	0.0	0.0	0.0	0.0	45.662951957443866	19.95112226439654	0.0	0.0	0.0	122.99406566156942	0.0	0.0	0.0	0.0	0.0	0.0
AACCAACAGGACACGCACTTTAGG-1_2	65.92804712603059	48.1739216015068	14.35813494505369	67.51078494428337	0.0	0.0	0.0	0.0	2.8980909105685932	0.0	0.0	0.0	1.6470008297998864	0.0	0.0	0.0	6.733761096595549	0.0	0.0	0.0	0.0
AACCTCATCGAACCTCACTTTAGG-1_2	0.0	0.0	12.023274984815178	0.0	38.482829658666326	13.074674740855006	0.0	58.86446545820175	10.438229666148626	0.0	35.541410583409075	0.0	0.0	0.0	0.0	0.0	0.0	0.0	0.0	0.0	0.0
AACTGAGGTGCTCCAAACTTTAGG-1_2	57.532886900235106	1.333736712430136	11.54487200898592	0.0	0.0	63.04126955281476	13.326261091270949	0.0	0.0	0.0	0.0	0.0	0.0	20.962692290073278	0.0	0.0	0.0	0.0	0.0	0.0	8.280574069114545
AAGACAACAAATAGGAACTTTAGG-1_2	0.0	97.00175677514817	21.195276659470714	0.0	0.0	0.0	35.97617403294245	0.0	0.0	0.0	0.0	0.0	7.718015978059378	11.023340483250458	0.0	0.0	19.742458534686918	8.091208403808215	0.0	0.0	0.0
AAGCCTCTCAATTGGAACTTTAGG-1_2	24.11835586024353	0.0	6.900969676020285	40.32060894419305	55.603828016970475	0.0	34.41367246410764	0.0	0.0	0.0	0.0	0.0	13.166919414539041	0.0	0.0	0.0	0.0	0.0	0.0	0.0	0.0
AAGCCTGAGTTAGTTCACTTTAGG-1_2	0.0	28.795146626708746	18.331027444934904	44.42950419204007	0.0	0.0	50.3967957839627	0.0	0.0	0.0	0.15113453480722863	87.77079497177763	24.77203121762098	55.006435999484275	0.0	0.0	0.0	26.047569971871358	0.0	0.0	0.0
AAGCGGCTCTAATCACACTTTAGG-1_2	69.41174232477678	0.0	33.06517449306165	0.0	51.16592668816546	0.0	0.0	0.0	0.0	0.0	17.691953924837712	0.0	19.058711515305568	0.0	0.0	0.0	0.0	0.0	0.0	0.0	0.0
AAGGGAGGTGGTTACTACTTTAGG-1_2	0.0	0.0	29.42253540967358	0.0	0.0	29.453244988349358	0.0	25.680524806458216	0.0	0.0	14.84327837243649	0.0	0.0	0.0	0.0	244.36023473415318	0.0	0.0	0.0	0.0	0.0
AAGGGAGGTTGTTCCCACTTTAGG-1_2	366.6281045164735	0.0	4.259109536144827	0.0	25.231606811998446	0.0	0.0	0.0	4.663439817656939	0.0	0.0	11.591005163947084	0.0	0.0	0.0	0.0	0.0	0.0	0.0	0.0	0.0
AAGGTTGGTATGGTCTACTTTAGG-1_2	0.0	117.60125064241898	19.503254935091167	0.0	0.0	0.0	0.0	42.737708302909816	0.0	0.0	30.12443714431611	1.573140542664007	13.269814298881048	0.0	0.0	0.0	0.0	0.0	0.0	0.0	0.0
AATACTGAGGTCAAGTACTTTAGG-1_2	0.0	63.253110370421574	18.626145644031045	15.82348349190135	0.0	0.0	58.956325514515484	0.0	0.0	0.0	0.0	0.0	7.105397075992314	0.0	0.0	0.0	0.0	0.0	0.0	0.0	0.0
AATCACGCATCCTTGGACTTTAGG-1_2	51.307690792588886	33.25858908014684	21.822996700771938	28.311862285961453	0.0	0.0	0.0	0.0	0.0	0.0	0.0	0.0	0.0	0.0	0.0	0.0	30.67708261719044	0.0	0.0	0.0	0.0
AATCACGCATTTGGCTACTTTAGG-1_2	0.0	35.96001690204194	12.585733440024644	49.504716290606716	0.0	0.0	82.35840647283634	0.0	0.0	0.0	7.88874535147027	0.0	0.0	63.12748221214356	15.121026326549881	7.679327911671406	0.0	0.0	0.0	0.0	0.0
AATCGCGAGGTTGCAGACTTTAGG-1_2	43.55730540973954	0.0	18.17238412718576	0.0	11.360614215893596	26.649941156838103	0.0	0.0	0.0	0.0	0.0	0.0	14.422734924447882	0.0	0.0	0.0	0.0	0.0	12.289424629319853	0.0	0.0
ACAGCGGGTTGCGCTAACTTTAGG-1_2	0.0	11.417501869191497	19.755802565824297	9.883304274518297	47.44886297960018	0.0	16.06182600596799	0.0	0.0	61.07798773911107	8.520016516101489	0.0	18.263239563418217	0.0	0.0	0.0	0.0	33.9819464646144	0.0	0.0	0.0
ACATACTTCTGGAAACACTTTAGG-1_2	0.0	43.86881014343702	9.425780725005733	54.55317440936801	0.0	0.0	0.0	65.06408210703117	11.35080246766902	0.0	0.0	0.0	0.0	0.0	0.0	0.0	0.0	0.0	0.0	0.0	2.8968601688957105
ACCAATCGTTCACTCCACTTTAGG-1_2	82.03622615905682	0.0	21.536258838082023	0.0	82.37122289695071	0.0	0.0	0.0	0.45027293788155864	0.0	0.0	0.0	0.0	0.0	0.0	0.0	0.0	40.22541287077045	0.0	0.0	25.988428197986927
ACCACGTTCGGGACTAACTTTAGG-1_2	0.0	44.892232702392725	18.408002182993588	7.639883091710572	0.0	0.0	55.13597411994624	11.614152070794567	0.0	0.0	37.12221003459951	5.843838155577634	0.0	0.0	9.748024824749052	0.0	0.0	0.0	0.0	0.0	0.0
ACCGGCTGTTTCCTCAACTTTAGG-1_2	88.72450074455587	0.0	16.262938172498025	17.579135669345163	0.0	62.553182247667564	0.0	0.0	7.181360865686379	0.0	0.0	0.0	0.0	0.0	0.0	0.0	0.0	0.0	0.0	0.0	0.0
ACCTCTAAGGTAGTTAACTTTAGG-1_2	56.65602585946888	53.257384895336756	15.792075413748792	0.0	0.0	0.0	0.0	0.0	23.258932162982205	0.0	0.0	0.6259832532429508	0.0	0.0	0.0	0.0	0.0	40.97932434551008	0.0	0.0	0.0
ACGGTAAGTCAAAGGCACTTTAGG-1_2	0.0	70.45897417753491	1.8341314818101708	17.96263982590378	0.0	0.0	0.0	0.0	17.143070630427687	44.14393269302565	0.0	0.0	0.0	0.0	0.0	0.0	0.0	0.0	0.0	0.0	0.0
ACTAATGAGGAAACTCACTTTAGG-1_2	0.0	61.713425263824675	20.9428408974906	0.0	0.0	0.0	0.0	40.62203276150451	0.0	0.0	24.776055708168045	0.0	12.388330550089782	0.0	0.0	0.0	0.0	0.0	0.0	0.0	0.0
ACTACAAAGGATTATGACTTTAGG-1_2	0.0	0.0	66.51912300894152	7.503123406991646	0.0	63.14078344312494	24.865584292137125	34.538753501997554	0.0	0.0	6.324858805379371	0.4751364067635619	19.874836092325875	0.0	0.0	0.0	0.0	11.147957135445575	0.0	0.7862882160216375	0.0
ACTACTAGTTTGAGCTACTTTAGG-1_2	350.92066324423786	0.0	6.499317858688804	0.0	26.067692456444373	0.0	0.0	0.0	0.0	0.0	0.0	0.0	0.0	0.0	0.0	0.0	4.515878554751561	0.0	0.0	0.0	0.0
AGAAGCAAGTCGTTCAACTTTAGG-1_2	0.0	82.24883056168247	14.824736617829357	20.560288827548202	0.0	0.0	0.0	47.738437094571914	16.237344223827996	0.0	0.0	3.769702751794009	0.0	0.0	0.0	0.0	0.0	0.0	0.0	0.0	0.0
AGAAGGTCAGGCTATAACTTTAGG-1_2	29.142788587683377	0.0	13.311079135206514	0.0	0.0	131.48694421468687	0.0	0.0	0.0	0.0	0.0	0.0	0.0	0.0	0.0	0.0	0.0	36.742308555486005	0.0	0.0	26.536648591409357
AGACACTAGCTAGATAACTTTAGG-1_2	82.82546182067188	55.30844839003359	8.340573406581825	34.22478312447385	3.425757007003994	0.16511452999266746	0.0	0.0	7.651995281965985	0.0	0.0	11.240356540835409	0.0	0.0	0.0	0.0	0.0	39.208482179867026	0.0	0.0	0.0
AGATTAGTCAACCTCAACTTTAGG-1_2	0.0	50.96881715139374	58.39558309538143	0.0	0.0	0.0	58.28647108913073	0.0	0.0	0.0	0.0	0.0	0.0	67.26234251784845	0.0	56.541971503970196	0.0	0.0	0.0	0.0	0.0
AGCATCCTCATGGAACACTTTAGG-1_2	0.0	49.62632260881279	11.136637720143407	26.85512911452732	0.0	0.0	46.64320967500982	0.0	0.8570430288307225	0.0	3.8208162730676936	21.478569087614144	0.0	0.0	6.9735889399529185	0.0	0.0	0.0	0.0	0.0	0.0
AGCCATTGTAATCCTAACTTTAGG-1_2	41.9999084094442	0.0	18.6092366569867	0.0	0.0	68.6469993330119	0.0	0.0	2.1243777349035557	0.0	0.0	0.0	0.0	0.0	0.0	0.0	0.0	14.394855888894291	0.0	0.0	3.713699838535996
AGCTAAATCGGGACTAACTTTAGG-1_2	63.102663959642165	38.30784401510723	29.0943474266441	43.09048177045244	0.0	0.0	0.0	0.0	9.032189356823281	0.0	0.0	0.0	0.0	0.0	0.0	8.997117537621468	0.0	0.0	0.0	0.0	0.0
AGCTACCTCCGGATAGACTTTAGG-1_2	0.0	60.75345510833348	18.409518515249623	42.62699574296788	0.0	0.0	0.0	0.0	0.0	52.41489843656352	0.0	0.0	0.0	0.0	0.0	0.0	13.419330892236845	0.0	0.0	0.0	6.455726915479887
AGCTATGCAAATACCGACTTTAGG-1_2	56.95802873654213	41.463572258602774	15.47594350896239	42.688758314613494	0.0	0.0	0.0	0.0	0.0	0.0	0.0	0.0	0.0	0.0	28.183708272643912	0.0	0.0	0.0	0.0	0.0	0.0
AGCTGGCAGGTGAATCACTTTAGG-1_2	0.0	71.73404306379273	15.699049466108512	57.47390693281015	0.0	0.0	77.68013045104433	0.0	8.574985930589381	0.0	0.0	0.0	0.0	0.0	0.0	0.0	0.0	0.0	0.0	0.0	0.0
AGGGACCTCAGTTAGAACTTTAGG-1_2	0.0	53.423546044793106	27.16119277532324	0.0	0.0	0.0	79.03264746828474	0.0	0.0	0.0	27.67277875948933	0.0	41.82935993672922	0.0	0.0	0.0	0.0	0.0	0.0	0.0	0.0
AGGGTGGAGGCCTTCGACTTTAGG-1_2	0.0	24.094429307321167	8.11985677378558	0.0	0.0	0.0	0.0	59.84612050673263	0.0	0.0	0.0	31.70732113619141	27.624255990018547	42.5007578480467	0.0	0.0	0.0	0.0	0.0	0.0	0.0
AGTAAACGTGACACAAACTTTAGG-1_2	60.80066648002428	83.0685789712815	11.934282082610384	0.0	0.0	0.0	0.0	0.0	0.0	0.0	0.0	27.736158309754977	0.0	0.0	0.0	0.0	18.50272729654486	0.0	0.0	0.0	0.0
AGTAGGCGTACAAACGACTTTAGG-1_2	63.84308991617435	0.0	7.543558998179024	0.0	74.08626200700918	0.9331118112546005	0.0	0.0	0.0	0.0	0.0	0.0	0.0	0.0	24.923857171584388	0.0	0.0	35.48040377501025	0.0	0.0	0.0
AGTGACCCAGAATCGCACTTTAGG-1_2	127.36234668230628	0.0	42.322252334995675	0.0	58.00486612881849	0.0	0.0	0.0	0.0	0.0	0.0	0.0	7.394016157066038	17.017065643674975	0.0	0.0	0.0	0.0	0.0	0.0	0.0
ATAACCAAGGTGAGCCACTTTAGG-1_2	26.92451052230141	0.0	18.290883619556205	25.077887124447763	0.0	52.23321643100837	0.0	0.0	0.0	0.0	0.0	0.0	0.0	0.0	0.0	0.0	22.728460649008092	0.0	0.0	0.0	0.0
ATAAGCCAGAGCAACTACTTTAGG-1_2	0.0	0.0	6.600505264632841	0.0	89.16354450122029	0.0	56.71031369137776	0.0	0.0	0.0	0.0	18.30668972463616	0.0	0.0	0.0	0.0	0.0	0.0	0.0	36.25462181841707	0.0
ATAGAAGCAGTGAGGAACTTTAGG-1_2	75.29812973976958	0.0	47.23890481531095	0.0	59.24207944452534	0.0	0.0	0.0	0.0	0.0	0.0	0.0	0.787988357941352	50.47925518985373	0.0	0.0	0.0	8.82165759871103	0.0	19.82884850857005	0.0
ATATAGCCATGGGTTAACTTTAGG-1_2	37.30550608732796	0.0	8.93105263049793	44.12703805500933	33.99475221616766	0.0	0.0	25.22974341768954	0.0	0.0	0.0	0.0	2.520103369014107	0.0	0.0	0.0	0.0	0.0	0.0	0.0	0.0
ATATCGAAGGGTTTGGACTTTAGG-1_2	0.0	20.105135063832282	19.64788510330984	207.70701477979554	0.0	0.0	94.26263337545596	0.0	0.0	0.0	0.0	0.0	0.0	0.0	13.067038036428043	0.0	0.0	0.0	0.0	12.012574444572284	0.0
ATCAGGTAGAAACTCAACTTTAGG-1_2	3.3757929522959618	13.265374069588832	7.624857469300626	53.18181333936	0.0	0.0	16.870383616669553	0.0	0.0	0.0	0.0	0.0	9.97864263538249	0.0	0.0	0.0	11.080867530410204	0.0	0.0	0.0	0.0
ATCGCGCGTTTACCGGACTTTAGG-1_2	0.0	0.0	0.0	0.0	0.0	0.0	0.0	191.98917041352476	0.0	535.3712810146787	0.0	0.0	0.0	0.0	0.0	0.0	0.0	0.0	0.0	0.0	0.0
ATCGCTCAGGAACCATACTTTAGG-1_2	0.0	0.0	12.301571400795101	0.0	0.0	54.55676170953201	0.0	52.87192386980269	0.0	0.0	0.0	35.52096392015964	0.0	0.0	0.0	0.0	0.0	0.0	0.0	0.0	65.7261040260497
ATCGGGCAGGACAACTACTTTAGG-1_2	0.0	0.0	837.051157610993	0.0	0.0	0.0	0.0	0.0	0.0	0.0	0.0	0.0	0.0	0.0	0.0	0.0	0.0	0.0	0.0	0.0	0.0
ATGAAAGCATTTGTTGACTTTAGG-1_2	0.0	40.632879741260446	16.152232803693167	0.28441833826917007	0.0	0.0	57.56752275909492	0.0	0.0	0.0	41.96014905294883	6.156456337973841	0.0	0.0	8.257826383934734	0.0	0.0	0.0	0.0	23.19233081984041	0.0
ATGAGGAAGTCTGTGCACTTTAGG-1_2	0.0	76.44906705813091	39.40475221417632	0.0	0.0	0.0	0.0	43.961997066962134	0.0	0.0	0.0	0.0	0.0	0.0	0.0	18.930893870898043	0.0	0.0	40.28997452587486	0.0	0.0
ATGGCCTTCCAAAGGTACTTTAGG-1_2	0.0	50.65774817869023	14.629408537169004	0.0	0.0	0.0	52.86137872593206	0.0	0.0	0.0	0.0	60.35884120676479	0.0	0.0	26.13876550053879	0.0	0.0	0.0	0.0	0.0	0.0
ATGTGGGTCCGCCTCTACTTTAGG-1_2	74.49527859054211	0.0	15.321122654769505	37.85826993476669	0.0	74.30342980511224	0.0	0.0	0.0	0.0	0.0	0.0	0.0	0.0	0.0	0.0	20.32512352217304	0.0	0.0	0.0	0.0
ATTATGGAGTGTTTGTACTTTAGG-1_2	8.088610618992925	0.0	15.568881371778687	0.0	39.82604521682202	0.0	21.535607842410826	0.0	10.52327430019374	0.0	0.0	56.59486465730269	0.0	0.0	0.0	0.0	0.0	0.0	0.0	0.0	0.0
ATTCGATTCTAAATCCACTTTAGG-1_2	0.0	10.258957473209607	6.540337710162954	249.20027461149607	0.0	0.0	60.73185931230487	0.0	0.0	0.0	0.0	0.0	11.285342526462896	0.0	0.0	0.0	0.0	0.0	0.0	0.0	0.0
ATTGATGAGCAGGCTAACTTTAGG-1_2	48.642266693066375	52.10435637265994	22.160716916805324	0.0	0.0	0.0	0.0	0.0	39.76698665104845	0.0	0.0	19.931779472220633	0.0	0.0	0.0	0.0	0.0	0.0	0.0	0.0	0.0
ATTTAGGAGGAAGCCCACTTTAGG-1_2	44.382529447398824	44.3339828092511	20.682813502218476	25.507874839982673	0.0	0.0	6.821455018191624	0.0	0.0	0.0	0.0	0.0	6.898039414213292	24.62597581635751	0.0	0.0	0.0	0.0	0.0	0.0	0.0
CAAGCGATCTAATCACACTTTAGG-1_2	65.43014565717083	0.0	36.92008493115592	16.35801926165776	27.934446174029965	30.785607704500407	0.0	0.0	0.0	0.0	0.0	0.0	13.80303413512869	0.0	0.0	0.0	0.0	0.0	0.0	0.0	12.028107609343275
CAATACTTCTATGCATACTTTAGG-1_2	0.0	88.23359355447072	21.229922466881824	0.0	0.0	0.0	56.905565649446636	0.0	0.0	0.0	11.434567151247704	16.217680847694623	4.787897288956892	0.0	0.0	0.0	16.887483742452364	0.0	0.0	0.0	0.0
CACAAGCCAGGCAACTACTTTAGG-1_2	61.7551379577182	42.94177993689586	11.922811478101256	78.69382209623437	0.0	0.0	0.0	0.0	0.0	0.0	0.0	0.0	0.0	0.0	16.176685100306173	0.0	0.0	0.0	0.0	0.0	0.0
CACGTTATCCCAGACTACTTTAGG-1_2	74.50807316626035	0.0	19.683482466771117	0.0	52.19687998445151	10.334977276514659	0.0	0.0	0.0	0.0	0.0	0.0	20.131081398153565	43.097895301628206	0.0	0.0	0.0	0.0	0.0	0.0	0.0
CAGCTGGCAGTTATGGACTTTAGG-1_2	0.0	81.14583296645229	10.093594580916543	0.0	0.0	0.0	61.443128705976854	0.0	0.0	0.0	16.162920535379563	0.0	14.284001426994884	0.0	0.0	0.0	0.0	0.0	0.0	0.0	0.0
CAGGGCAGTCAATCGTACTTTAGG-1_2	42.22580731464229	0.0	12.687908136608028	0.0	334.2763853525389	0.0	0.0	0.0	0.0	0.0	0.0	14.062731722453753	12.496040434517935	0.0	0.0	0.0	0.0	0.0	0.0	0.0	2.1503967088615727
CAGGTTCTCGCTCAGTACTTTAGG-1_2	0.0	89.24524036327938	15.583895465082296	0.0	0.0	0.0	7.352600262634658	3.7862479183495212	20.715259759328184	33.44857836941378	0.0	17.648050687661108	0.0	0.0	0.0	0.0	0.0	0.0	0.0	0.0	0.0
CAGTATTTCCTGGAAGACTTTAGG-1_2	69.47934421711996	0.0	26.42054831905115	0.0	0.0	57.693376980919126	0.0	0.0	1.0511834345339564	0.0	36.372330045861595	0.0	0.0	0.0	0.0	0.0	0.0	0.0	0.0	0.0	0.0
CAGTGTGAGGTGAGAAACTTTAGG-1_2	0.0	46.743821019094206	4.763448374641141	0.0	0.0	0.0	41.504504811176844	0.0	0.0	0.0	37.61598263913661	15.227898683431835	0.0	23.93326400301255	0.0	0.0	0.0	0.0	0.0	0.0	2.5251824238402194
CATCCTTTCACCTAATACTTTAGG-1_2	0.0	86.76632546382208	17.20313105839277	13.705515674845413	0.0	0.0	52.746148619169894	0.0	18.358479198192516	0.00634009854407102	0.0	0.0	0.0	0.0	0.0	0.0	0.0	0.0	0.0	0.0	0.0
CATTAGCGTATTTCGAACTTTAGG-1_2	40.53587136192874	3.79015501266173	14.605237755198061	21.820683479422613	0.0	88.98470039686545	0.0	0.0	8.643287567183258	0.0	0.0	0.0	0.0	0.0	0.0	0.0	0.0	0.0	0.0	0.0	0.0
CCAAGACCACTTCGATACTTTAGG-1_2	40.69848880169945	40.6893431726997	8.481471567827173	67.66740225749042	0.0	0.0	21.41038767661551	9.60471039731807	0.0	0.0	0.0	0.0	0.0	0.0	27.29330171400878	0.0	0.0	0.0	0.0	0.0	0.0
CCAAGTGAGCCATAAAACTTTAGG-1_2	36.27039269949923	4.84895328667871	24.397471204573304	0.0	0.0	41.27780953612818	0.0	0.0	0.0	0.0	11.458585217918797	0.0	0.0	0.0	0.0	55.024942210564355	0.0	0.0	12.12020593198509	0.0	0.0
CCACATTCAGTAATACACTTTAGG-1_2	0.0	50.2605499149583	8.889308916376027	28.836438982966165	0.0	0.0	54.74729635350181	0.0	28.864368860594222	0.0	0.0	0.0	0.0	0.0	0.0	0.0	0.0	0.0	0.0	0.0	0.0
CCACTAATCGATTCTGACTTTAGG-1_2	27.75047379530084	0.0	13.564297006088177	0.0	0.0	77.02514665122942	0.0	0.0	112.53631666989052	0.0	33.9397640004112	0.0	0.0	0.0	0.0	113.07268887750506	0.0	0.0	0.0	0.0	0.0
CCACTAATCGGGCAACACTTTAGG-1_2	0.0	40.0709193400489	17.349813574584303	0.0	0.0	0.0	0.0	58.38757760412225	19.447145660900784	0.0	25.06630062762993	1.5743037568303258	0.0	0.0	0.0	0.0	0.0	0.0	0.0	0.0	0.0
CCAGGTTTCAACTTGTACTTTAGG-1_2	41.15078351037657	39.419919961176234	24.86912323017975	25.06530990383978	0.0	0.0	0.0	0.0	0.0	0.0	0.0	0.0	0.0	0.0	0.0	0.0	0.0	0.0	0.0	21.981260357020616	0.0
CCATCAGGTTGCACTGACTTTAGG-1_2	322.1694695828265	0.0	9.43081448559228	14.032901610439179	15.678811415615154	31.18349720070807	0.0	0.0	19.56727290609886	0.0	0.0	0.0	0.0	0.0	0.0	0.0	0.0	0.0	0.0	0.0	0.0
CCATTCGCATTGCCTGACTTTAGG-1_2	0.0	45.62672623711206	19.882224178624295	29.006235439887476	0.0	0.0	59.45234712550082	0.0	0.0	0.0	30.72138116888018	0.0	0.0	0.0	0.0	0.0	0.0	0.0	0.0	30.549650467532473	0.0
CCCACTTGTAAACCCTACTTTAGG-1_2	101.4837408765835	0.0	16.158337874601166	17.674386112279844	58.456312558677396	11.696396194420151	0.0	0.0	8.045136187333194	0.0	0.0	0.0	0.0	0.0	0.0	0.0	0.0	0.0	0.0	0.0	0.0
CCCTGTTGTTAGCATCACTTTAGG-1_2	37.31830695556028	56.694327141296924	12.406479306494928	0.0	0.0	0.0	3.901400734283731	0.0	0.0	19.287710906251213	45.4468982775818	0.0	8.784721536448206	0.0	0.0	0.0	0.0	0.0	0.0	14.414550387814131	0.0
CCGGTACGTTGAGTCTACTTTAGG-1_2	65.93073774101691	23.191431643159245	14.774911876050998	22.80704520494131	0.0	0.0	0.0	0.0	33.2462408924269	0.0	0.0	0.0	0.0	27.153565815607706	0.0	0.0	0.0	0.0	0.0	0.0	0.0
CCTCAATCAACATAGTACTTTAGG-1_2	0.0	40.49385003364048	19.496305366342995	34.640327654067995	0.0	0.0	41.62762998728822	0.0	0.0	0.0	0.0	0.0	10.659864693147501	0.0	0.0	0.0	0.0	0.0	0.0	0.0	0.0
CGACTTTCAAATCACGACTTTAGG-1_2	0.0	31.14326251796409	28.518427238331512	42.82584398200715	0.0	0.0	0.0	44.328357311730876	29.10821813322142	13.900244295970259	0.0	0.0	0.0	0.0	0.0	0.0	0.0	0.0	0.0	0.0	0.0
CGATTGACACGGTAACACTTTAGG-1_2	74.40277007916353	0.0	15.255532016290498	33.789578919022254	31.287595551918983	0.0	0.0	0.0	9.639579297497166	0.0	0.0	0.0	0.0	0.0	0.0	0.0	0.0	0.0	0.0	0.0	0.0
CGCACATTCATTGCATACTTTAGG-1_2	0.0	0.0	80.15026941747018	1.802835140072569	6.579327192450554	0.0	35.63094199660193	0.0	22.156288865328396	0.0	0.0	0.0	0.0	33.04596643458651	0.0	0.0	0.0	0.0	2.85093038974096	0.0	0.0
CGCAGCACACTAGTAGACTTTAGG-1_2	48.83760366697672	38.40729428665613	14.438089044156285	63.181041957964375	0.0	0.0	5.192986601184504	0.0	6.44379017171192	0.0	0.0	0.0	0.0	0.0	0.0	0.0	0.0	0.0	0.0	0.0	0.0
CGCGACACAAGCGAAGACTTTAGG-1_2	0.0	121.43506183225148	16.81967794141519	0.0	0.0	0.0	0.0	0.0	0.0	45.68094494887242	12.690245064020466	0.0	1.2306948426667284	0.0	0.0	0.0	5.638572049774705	0.0	0.0	0.0	0.0
CGCTGGACATGTGGCGACTTTAGG-1_2	62.83244966800067	0.0	18.023790908572	19.726304463828367	0.0	109.7037835853521	0.0	0.0	0.0	0.0	0.0	0.0	0.0	0.0	0.0	0.0	0.0	0.0	0.0	0.0	21.71293017301522
CGGAACCAGTCTAACTACTTTAGG-1_2	0.0	0.0	0.0	0.0	0.0	0.0	0.0	0.0	0.0	0.0	0.0	0.0	0.0	0.0	0.0	0.0	0.0	1214.6767382236965	0.0	0.0	0.0
CGGTCAAAGGCGAGAGACTTTAGG-1_2	0.0	0.0	23.46736526104935	4.8455673535074055	59.119344664626894	24.033468843769096	46.91677415970509	0.0	0.0	0.0	0.0	0.0	9.893407817090102	0.0	0.0	0.0	0.0	0.0	0.0	0.0	0.0
CGTAATCGTGGACACGACTTTAGG-1_2	91.97857839502427	15.408610349732703	17.111143892646265	0.0	0.0	0.0	0.0	0.0	0.0	0.0	0.0	0.0	0.0	12.60252606822822	0.0	0.0	0.0	0.0	0.0	0.0	45.37542567578115
CGTAATTTCCTGGAAGACTTTAGG-1_2	38.47653024058944	31.885209415579276	3.0432066628901113	57.60445198169112	0.0	0.0	2.1563195003307927	0.0	0.0	0.0	0.0	0.0	0.0	0.0	0.0	0.0	21.904097237008436	0.0	0.0	0.0	0.0
CGTGTCCCATTGCATCACTTTAGG-1_2	0.0	33.50238906684344	10.312982530935944	0.0	0.0	0.0	0.0	11.9280019099001	0.0	34.22018922504762	55.73243291902659	0.0	0.0	0.0	9.69944571055146	0.0	0.0	0.0	0.0	0.0	0.0
CGTTATGTCGCCTCGAACTTTAGG-1_2	28.963194207990504	0.0	20.843519531038645	0.0	0.0	23.83114296570009	0.0	0.0	82.08006156171574	4.229028767848465	0.0	1.2774454922924603	0.0	0.0	0.0	0.0	0.0	0.0	0.0	0.0	0.0
CGTTTGGGTGACCTTGACTTTAGG-1_2	56.89299750844184	0.0	57.99812265602284	16.518505555282587	25.972591414821995	0.0	0.0	0.0	11.707870196745425	0.0	0.0	8.681063708082371	0.0	0.0	0.6467429750818547	0.0	0.0	0.0	0.0	0.0	0.0
CTAAGTGCATCCGCTAACTTTAGG-1_2	0.0	33.59601461759314	20.519019971693496	16.54610045809542	0.0	0.0	45.064396681929026	23.337244404855685	0.0	0.0	0.0	0.0	0.0	0.0	0.0	0.0	25.366581028574533	0.0	8.996199671983321	0.0	0.0
CTACCCACAAGTTAACACTTTAGG-1_2	0.0	0.0	0.0	0.0	0.0	0.0	0.0	0.0	0.0	0.0	0.0	0.0	1237.8246089349036	0.0	0.0	0.0	0.0	0.0	0.0	179.53069961352867	0.0
CTATCCGCAGCAATTGACTTTAGG-1_2	19.619973420493828	0.0	13.720679031312415	0.0	0.0	69.93762001183147	0.0	0.0	0.0	38.88444334134802	0.0	0.0	0.0	18.37173566674258	0.0	0.004366417998231651	0.0	0.0	0.0	0.0	0.0
CTATGCTCAATGTGGCACTTTAGG-1_2	0.0	4.745666867501493	17.099246642011174	0.0	0.0	0.0	0.0	105.48337125499445	0.0	495.0014152529643	0.0	0.0	0.0	5.537367365491133	0.0	0.0	0.0	0.0	0.0	0.0	0.0
CTATTACAGCCACTCGACTTTAGG-1_2	0.0	16.235415672435533	17.52907500979563	32.326656923779616	0.0	0.0	22.471642525101174	4.357511436110149	0.0	38.97004617875071	0.0	0.0	0.0	0.0	0.7823218057449544	18.289955490485532	0.0	0.0	0.0	0.0	0.0
CTCAACATCCAAATAGACTTTAGG-1_2	48.5898290654892	0.0	7.891594628603299	28.947981575219337	101.1004046428644	0.0	0.0	0.0	17.03048010277158	0.0	0.0	0.0	0.0	28.082437742199065	0.0	0.0	0.0	0.0	0.0	0.0	0.0
CTCATTACAAGCTTTCACTTTAGG-1_2	54.807403534282265	0.0	16.4200423139799	11.152277020532429	39.44112736764096	0.0	0.0	0.0	0.0	0.0	0.0	0.0	0.0	0.0	0.0	0.0	0.0	0.0	0.0	0.0	5.652619702059026
CTCCATCGTTTGTTGAACTTTAGG-1_2	0.0	0.0	23.091411134716036	31.876456958596343	0.0	60.87192440906395	61.40884601550423	0.0	0.0	0.0	0.0	0.0	0.0	0.0	0.0	14.815169196261715	0.0	0.0	0.0	0.0	0.0
CTGATCCAGCACGTTCACTTTAGG-1_2	0.0	65.7886776662875	22.992418950525447	63.44834641607123	0.0	0.0	0.0	61.222090041219	0.0	17.219263307872573	0.0	0.0	13.731733041540295	0.0	0.0	0.0	0.0	5.115386723583265	0.0	0.0	0.0
CTGCAACTCAGGGATTACTTTAGG-1_2	0.0	39.308681503074794	35.25011127887758	47.238656145979846	0.0	0.0	0.0	51.49183292338633	0.0	0.0	0.0	0.0	6.979664048597617	0.0	0.0	0.0	7.7309042822535	0.0	0.0	0.0	0.0
CTGGTTATCTCTCGCCACTTTAGG-1_2	0.0	115.87265517885224	16.712474589582566	21.264888932325807	0.0	0.0	39.554712745416694	0.0	1.9215060540217648	0.0	0.0	0.0	0.0	0.0	0.0	4.28433763340971	0.0	0.0	0.0	0.0	0.0
CTGTTTACACCATCCAACTTTAGG-1_2	0.0	0.0	25.424471457149473	42.07719487617275	115.46387885572454	0.0	20.535464820000026	0.0	0.0	0.0	0.0	0.0	0.0	0.0	0.0	0.0	26.78433064769769	0.0	0.0	0.0	67.71103037683255
CTTCAATAGGTAAGCTACTTTAGG-1_2	277.0795741444716	0.0	4.718180183173303	0.0	77.95389548995954	0.0	0.0	0.0	0.0	0.0	0.0	16.059433012549587	0.0	0.5548167924409272	0.0	0.0	0.0	0.0	0.0	0.0	9.867589523531718
CTTGCTGCACATGAATACTTTAGG-1_2	0.0	0.0	38.840837837763075	28.580888291989847	11.188974015360118	49.24757633283301	0.0	52.222927051807176	0.0	0.0	0.0	0.0	0.0	0.0	0.0	0.0	133.31105776271528	0.0	0.0	0.0	0.0
CTTTAACAGGGTTTCCACTTTAGG-1_2	93.60550341419753	62.97411104301486	28.635299159238365	4.493643700694373	0.0	0.0	0.0	0.0	11.289320610465957	0.0	0.0	0.0	0.0	0.0	0.0	0.0	0.0	0.0	0.0	0.0	0.0
CTTTAACAGTCGAAGTACTTTAGG-1_2	55.320953182588205	41.0394359838147	15.214982080920876	36.39398427993815	0.0	0.0	0.0	0.0	0.0	0.0	0.0	0.0	0.0	0.0	0.0	0.0	5.29435926034238	24.843775259647373	0.0	0.0	0.0
CTTTCGTTCGCAACGAACTTTAGG-1_2	0.0	165.04490306606405	10.78064811845039	0.0	0.0	0.0	45.664553479615996	0.0	0.0	0.0	20.303426281579558	0.0	11.868645281144259	0.0	0.0	0.0	0.0	0.0	0.0	0.0	0.0
GAACAATGTCAGGATAACTTTAGG-1_2	0.0	0.0	3.266581397670849	0.0	0.0	0.0	0.0	67.10038801286157	0.0	543.0728038615813	0.0	0.0	8.722816395755435	0.0	0.0	0.0	0.0	0.0	0.0	0.0	0.0
GAAGAATAGCTTAAAGACTTTAGG-1_2	0.0	53.62338669269362	12.348070014205812	0.0	0.0	0.0	0.0	74.8985524927745	0.0	0.0	56.872643470376964	0.0	0.0	0.0	0.0	0.0	0.0	0.0	0.0	4.320695908352978	0.0
GAAGTATGTGCGGCTTACTTTAGG-1_2	54.13291516931891	39.20741174666056	13.5163049175093	53.2949817104357	0.0	0.0	2.341835788766047	0.0	18.578217766658646	0.0	0.0	0.0	0.0	0.0	0.0	0.0	0.0	0.0	0.0	0.0	0.0
GAATGACTCTGGTCTAACTTTAGG-1_2	56.06765134310332	62.5749791491953	7.702939666273198	0.0	0.0	0.0	0.0	0.0	65.65180352639204	0.0	0.0	0.0	0.0	0.0	0.0	0.0	0.0	0.0	23.239252032542243	0.0	0.0
GAATGCGTCAATTTGCACTTTAGG-1_2	0.0	27.079710786617028	8.576623829356269	0.0	0.0	0.0	0.0	49.59975852210388	0.0	2.343374452043956	14.488004951824356	31.63506431415944	19.54192303921072	0.0	0.0	0.0	0.0	0.0	0.0	4.558622436360064	0.0
GACAGGGAGGAAGCAAACTTTAGG-1_2	29.07927120963626	0.0	2.234216938624345	39.90044711977605	0.0	24.298009980401034	0.0	0.0	39.59740573664529	0.0	0.0	0.0	0.0	0.0	0.0	0.0	0.0	0.0	0.0	0.0	0.0
GACCGTGCAACTAAGTACTTTAGG-1_2	75.85065330575266	0.0	3.3003781573978643	0.0	0.0	34.84165433001388	0.0	0.0	0.0	0.0	37.482764678796094	0.0	29.53206520428376	0.0	0.0	0.0	0.0	0.0	0.0	0.0	0.0
GACTAAATCTGGTCTAACTTTAGG-1_2	71.2509361635256	0.3595261266504939	14.197621498364239	0.0	48.95574581936457	0.0	0.0	0.0	11.229791003068051	0.0	22.691677770507837	0.0	0.0	54.64505467053458	0.0	0.0	0.0	0.0	0.0	0.0	0.0
GACTCAACAGATTGCAACTTTAGG-1_2	36.926211812003004	0.0	3.7210377376408674	12.99166556280355	62.90970601975424	0.0	0.0	0.0	0.0	0.0	0.0	0.0	0.0	0.0	34.361046212883295	0.0	0.0	0.0	0.0	0.0	0.0
GACTTACGTCATTATGACTTTAGG-1_2	70.54934210962935	42.76476676356313	10.595434185103535	22.358269790623535	0.0	0.0	0.0	0.0	17.072285386025076	0.0	0.0	3.2969983706652144	0.0	0.0	0.0	0.0	0.0	0.0	0.0	0.0	0.0
GACTTACGTTAACGAGACTTTAGG-1_2	0.0	18.43257547446456	0.0	0.0	0.0	0.0	35.37462675021281	18.16622775470267	0.0	0.0	0.0	0.0	4.7852553781020255	0.0	0.0	0.0	0.0	0.0	45.280898821998164	25.881555836718498	0.0
GAGCAAGCACCATCATACTTTAGG-1_2	49.30911651069162	14.772581689694047	5.736382893210872	0.0	0.0	69.98056625037273	0.0	0.0	102.25316675147484	0.0	19.462378639583207	0.0	0.0	0.0	0.0	0.0	0.0	0.0	4.824627334157439	0.0	0.0
GAGCTATAGCGCTCCAACTTTAGG-1_2	0.0	0.0	44.941470673662245	0.0	0.0	55.36478935044107	0.0	59.18252261663791	0.0	0.0	27.87820924938485	0.0	0.0	0.0	0.0	0.0	0.0	0.0	0.0	73.39551889386844	0.0
GAGGAGTAGCAATCGGACTTTAGG-1_2	0.0	0.0	0.0	0.0	0.0	0.0	0.0	0.0	0.0	843.5478514275994	3.449633545673308	0.0	0.0	0.0	0.0	0.0	0.0	0.0	0.0	0.0	0.0
GATATGATCCTGTTCTACTTTAGG-1_2	46.85868361524138	90.76162280247001	14.755420661753055	0.0	0.0	0.0	0.0	0.0	0.0	0.0	0.0	0.0	31.250363800327943	11.580471081499297	0.0	0.0	0.0	0.0	0.0	0.0	0.0
GATCACACACCAACAAACTTTAGG-1_2	122.92697607309445	0.0	18.58142779888495	0.0	77.63025196741044	0.0	0.0	0.0	33.55069368212	0.0	0.0	40.79385723792919	0.0	0.0	0.0	0.0	0.0	0.0	0.0	0.0	0.0
GATGGTAGTGAACGACACTTTAGG-1_2	58.14421831167235	22.272642550957915	10.684851848070652	0.0	36.89503082791312	0.0	0.0	0.0	0.0	0.0	0.0	41.65164691024333	0.0	0.0	0.0	0.0	0.0	0.0	0.0	0.0	11.263946635506315
GATTAGTCAACAGAGGACTTTAGG-1_2	50.47271787842173	0.0	17.225318052539887	36.26921742377734	0.0	22.248395110627534	5.216897787680685	0.0	0.0	0.0	0.0	0.0	0.0	0.0	0.0	0.0	0.0	0.0	0.0	0.0	9.81220821313725
GCAAATTCAACCGGATACTTTAGG-1_2	63.46718234782139	0.0	11.177891151618136	4.152023304758989	32.83815628517191	50.601583251592366	0.0	0.0	0.0	0.0	0.0	0.0	0.0	0.0	21.610835346770163	0.0	0.0	0.0	0.0	10.746309784473693	0.0
GCAGCAATCTTGATCGACTTTAGG-1_2	0.0	71.66601955724862	9.195389948297453	0.0	0.0	0.0	0.0	48.22176418595304	5.265287060631323	0.0	0.0	0.0	0.0	0.0	14.41331448452363	0.0	0.0	0.0	20.2404431089242	0.0	0.0
GCAGGCTAGGCGATATACTTTAGG-1_2	0.0	0.0	24.241060220736646	11.066164328158337	47.20491537842215	0.0	60.692469351845176	0.0	0.0	0.0	0.0	0.0	6.05717648996888	0.0	0.0	0.0	0.0	0.0	10.205187458617944	0.0	0.0
GCATTTGTCGGTTCCGACTTTAGG-1_2	98.6900657571767	0.0	37.412376644256874	0.0	21.01052951583545	0.0	0.0	0.0	0.0	0.0	0.0	0.0	0.0	0.0	0.0	0.0	21.024803878575153	0.0	13.51425782840938	0.0	0.0
GCGAGCTAGTTTGCATACTTTAGG-1_2	42.82302859752407	10.885830572815346	8.319932097292197	0.0	0.0	28.42827237110793	0.0	0.0	0.0	0.0	56.876380313107795	0.0	0.0	0.0	0.0	0.0	0.0	0.0	0.0	18.193354856321253	0.0
GCGTTACTCCCGCTGAACTTTAGG-1_2	49.360927956137054	73.8759069472016	5.52670425577604	0.0	0.0	0.0	0.0	0.0	0.0	0.0	39.17281541879019	0.0	0.0	0.0	0.0	0.0	4.896720719144556	0.0	0.0	7.84050090739806	0.0
GCTAACTGTGCTTCGAACTTTAGG-1_2	68.88142271776557	39.049104724789785	14.869650865794231	25.54754561114868	0.0	0.0	0.0	0.0	0.0	0.0	0.0	0.0	14.202553921812582	0.0	0.0	0.0	0.0	0.0	0.0	0.0	0.0
GCTCACCCATCATGTCACTTTAGG-1_2	0.0	27.258737503344527	18.13500558158359	0.0	0.0	0.0	9.704452758127879	57.66613756223376	15.647924257424917	0.0	0.0	58.1890921455879	0.0	0.0	0.0	0.0	0.0	0.0	0.0	0.0	0.0
GCTCACTAGGTATAGCACTTTAGG-1_2	47.92283520694301	41.60262622269076	26.665321339179066	0.0	0.0	26.58664852900775	0.0	0.0	30.326457904711496	0.0	0.1393341752778164	0.0	0.0	13.7699030380566	0.0	0.0	0.0	0.0	0.0	0.0	0.0
GCTCCATAGCCTGCCAACTTTAGG-1_2	0.0	69.8465243893949	39.77522777086288	8.965533949276464	0.0	0.0	43.4533589232639	0.0	0.0	0.0	0.0	0.0	18.36701522256553	0.0	0.0	0.0	0.0	0.0	0.0	0.0	0.0
GCTGGATCACCACACCACTTTAGG-1_2	0.0	49.266309057908934	23.782285042936383	119.72759111650728	0.0	0.0	53.38845411352318	0.0	0.0	0.0	0.0	91.72652082165231	0.0	0.0	18.478109319218575	0.0	0.0	0.0	0.0	0.0	0.0
GCTTACATCGTCAATTACTTTAGG-1_2	74.51504283695087	23.627249592492333	10.643105961481911	8.159446884340797	0.0	0.0	0.0	0.0	17.754138157164714	0.0	0.0	26.226666551928783	0.0	0.0	0.0	0.0	0.0	0.0	0.0	0.0	0.0
GCTTGATGTTTACGACACTTTAGG-1_2	48.87938322395481	0.0	15.894831988970356	32.71919210792021	62.45065153912625	0.0	0.0	0.0	1.1434349891907456	0.0	0.0	0.0	0.0	0.0	0.0	0.0	0.0	0.0	0.0	0.0	0.0
GGAACCGGTATAGTGGACTTTAGG-1_2	0.0	42.22588219910451	7.272612151809766	36.07947797793858	0.0	0.0	0.0	56.49019759951712	7.106698005351556	0.0	0.0	0.0	0.0	9.35479252695215	0.0	0.0	0.0	0.0	0.0	0.0	0.0
GGAAGCCTCGTCCCGAACTTTAGG-1_2	20.84669353167241	1.8580505879187523	18.115870443515043	0.0	33.127234400874556	4.287103072285537	26.987894876237345	0.0	0.0	0.0	0.0	0.0	0.0	31.51109591943313	9.595422362218908	0.0	0.0	0.0	21.572436163595494	0.0	0.0
GGATTGCCAGAATCGCACTTTAGG-1_2	0.0	69.82004762590694	11.115261767528738	0.0	0.0	0.0	0.0	55.96104830088511	0.0	0.0	34.96690899282079	0.0	33.625695977416825	0.0	0.0	0.0	0.0	0.0	0.0	0.0	0.0
GGCAATCCAAATAAGGACTTTAGG-1_2	0.0	81.30027856497767	18.0713133366269	0.0	0.0	0.0	0.0	46.82633801173958	0.0	0.0	0.0	0.0	0.0	18.10357702693203	0.0	0.0	0.0	0.0	0.0	0.0	0.0
GGCATGATCGACTTTGACTTTAGG-1_2	0.0	17.475823954658715	11.583480226902232	25.322542920373035	0.0	0.0	0.0	0.0	0.0	33.7071582433814	0.0	0.0	12.65026421786186	0.0	0.0	0.0	0.0	0.0	0.0	0.0	0.0
GGCATTTGTAATGCCTACTTTAGG-1_2	50.009101469646	0.0	6.246112994556174	19.135095409945627	0.0	31.49605366441324	0.0	0.0	0.0	0.0	0.0	0.0	0.0	0.0	0.0	13.2663960256056	0.0	0.0	0.0	0.0	0.0
GGCCTTTAGCAGGTTGACTTTAGG-1_2	0.0	23.77266372423973	9.41548032037661	32.502035751692176	0.0	22.58969855374526	27.129089269999216	0.0	0.0	0.0	1.5469838376208742	0.0	0.0	34.026260657201014	14.302033164214127	0.0	0.0	0.0	0.0	0.0	0.0
GGCGAATGTAAACCCTACTTTAGG-1_2	47.71324473688221	0.0	9.756249129831719	45.65260838256292	0.0	103.67548380323747	0.0	0.0	19.408543054063376	0.0	0.0	0.0	0.0	0.0	0.0	0.0	0.0	0.0	0.0	0.0	0.0
GGCTGATCAATTGAGTACTTTAGG-1_2	64.43252452782492	0.0	12.116874213634802	0.0	67.70951032454342	0.0	0.0	0.0	24.552785932857287	0.0	0.0	0.0	0.0	38.29432616832402	0.0	0.0	0.0	0.0	0.0	0.0	0.0
GGCTGATCACCTACTGACTTTAGG-1_2	0.0	0.0	27.869216237221398	0.0	0.0	101.03239524459048	0.0	54.953688810338704	136.96478484000502	0.0	0.0	30.77648412479414	0.0	0.0	0.0	0.0	0.0	0.0	0.0	0.0	0.0
GGCTTAGAGGTTAGGTACTTTAGG-1_2	0.0	39.6914423996796	19.231647542007767	0.0	0.0	0.0	66.48669950026392	0.0	0.0	0.0	0.0	193.20382798438908	17.238844176391787	0.0	0.0	0.0	0.0	0.0	0.0	0.0	0.0
GGGATGGAGATAGCTAACTTTAGG-1_2	57.91969242766869	40.02101686670256	11.625371867298814	0.0	0.0	0.0	0.0	0.0	0.0	0.0	0.0	69.54000114214952	10.734314670357842	0.0	0.0	0.0	0.0	0.0	0.0	0.0	0.0
GGTGTGATCCTAAGTTACTTTAGG-1_2	0.0	79.57879895837857	10.843893958971245	28.277905196149447	0.0	0.0	58.382409403404964	0.0	0.0	0.0	0.0	0.0	0.0	0.0	0.0	0.0	15.639937536784029	0.0	0.0	0.0	0.0
GGTGTTTGTACGAATGACTTTAGG-1_2	0.0	0.0	6.803849979212536	25.192828035835813	6.670734618922262	32.63286418382268	0.0	311.21322547934454	15.881652748932197	0.0	0.0	0.0	0.0	0.0	0.0	0.0	0.0	0.0	0.0	0.0	0.0
GGTTACCTCGGCTAAGACTTTAGG-1_2	62.64380565010852	0.0	30.738354280335557	0.0	77.51205349948928	0.0	0.0	0.0	26.246307472433745	0.0	0.0	39.63025996781697	0.0	0.0	0.0	0.0	0.0	0.0	0.0	0.0	0.0
GGTTGACCAATAGAAGACTTTAGG-1_2	38.328039751141276	0.0	14.423696121792592	0.0	92.78470756854396	0.0	0.0	0.0	0.0	0.0	0.0	9.588645801028973	58.268371759201784	0.0	0.0	0.0	0.0	0.0	0.0	0.0	0.0
GTAACCTGTAACGTGAACTTTAGG-1_2	0.0	0.0	26.971037121434357	61.085033598353554	44.102555638010806	0.0	48.62178159724568	0.0	19.97612843616105	0.0	0.0	0.0	0.0	0.0	0.0	0.0	0.0	0.0	0.0	0.0	0.0
GTACCTATCCTTGTTCACTTTAGG-1_2	0.0	85.7002501357531	10.364816391801233	0.0	0.0	0.0	30.679336272978688	0.0	20.148872660267337	0.0	0.0	19.185588299146534	0.2086846671780557	0.0	0.0	0.0	0.0	0.0	0.0	0.0	0.0
GTTAGCGAGCTAAATGACTTTAGG-1_2	0.0	45.294386986830354	12.77244729233535	0.0	0.0	0.0	20.55288586716652	0.0	0.0	0.0	0.0	0.0	7.034103746731632	0.0	0.0	0.0	0.0	0.0	29.005821172379665	0.0	0.0
GTTCCATCAGCTCGCTACTTTAGG-1_2	50.8749687832341	27.91701836979643	16.678593810540004	19.457839522747296	0.0	0.0	0.0	0.0	0.0	0.0	0.0	0.0	14.331606603284108	0.0	0.0	0.0	0.0	0.0	0.0	0.0	0.0
GTTGGATAGGGCGGTTACTTTAGG-1_2	72.90586731295441	45.54308846645415	18.37308272212457	0.0	0.0	0.0	0.0	0.0	15.536860038858908	0.0	59.18935639535278	0.0	0.0	23.374278628466723	0.0	0.0	0.0	0.0	0.0	0.0	0.0
GTTGTTGTCGATTAAGACTTTAGG-1_2	62.552761117224456	12.614770097644964	3.021584049135018	31.41947745079332	32.14139850824444	0.0	0.0	0.0	5.0116145919231325	0.0	0.0	0.0	0.0	0.0	0.0	0.0	0.0	0.0	0.0	0.0	0.0
GTTTGGGAGCAAATTGACTTTAGG-1_2	0.0	1.2849512942274453	0.0	1.5377703999145824	0.0	58.18564123625497	4.6930092966952515	11.656571012219135	0.0	0.0	0.0	0.0	0.0	0.0	0.0	38.96676235941472	0.0	0.0	0.0	0.0	0.0
GTTTGTCCATTGCCCAACTTTAGG-1_2	46.375988086651475	34.635458899290356	18.119068336934152	18.241994877434422	0.0	0.0	0.0	0.0	0.0	0.0	0.0	0.0	8.887200807394906	0.0	0.0	0.0	0.0	0.0	0.0	3.1901360743668086	0.0
TAACCAAAGCATCTATACTTTAGG-1_2	0.0	40.19792644546882	15.277020240210382	0.0	0.0	0.0	0.0	61.15103452132626	0.0	0.0	0.0	0.0	18.74779805125892	63.82963542507869	0.0	0.0	0.0	0.0	0.0	0.0	0.0
TAACGTTTCAGCATGGACTTTAGG-1_2	0.0	32.625248303492704	45.032990547007195	16.6980302877376	0.0	0.0	0.0	0.0	0.0	29.93410942249138	0.0	0.0	0.0	0.0	0.0	106.82174409555215	0.0	0.0	0.0	0.0	0.0
TAAGGTTCAGCAATTGACTTTAGG-1_2	0.0	88.37383637407251	7.696052172579625	0.0	0.0	0.0	40.33179051690927	0.0	0.0	0.0	0.0	7.849160373469884	0.0	0.0	0.0	0.0	46.345726449179736	0.0	0.0	0.0	0.0
TACCAGCTCATAATGGACTTTAGG-1_2	74.37698925483731	34.00687498838128	9.185815589462669	18.834106129533588	0.0	0.0	0.0	0.0	0.0	0.0	0.0	0.0	0.0	0.0	20.6560257387641	0.2168369570020211	0.0	0.0	0.0	0.0	0.0
TACCCGGTCTGTGACCACTTTAGG-1_2	0.0	0.0	10.5222278025159	0.0	24.76882753959239	0.0	42.99411637260897	0.0	15.507369174044479	0.0	0.0	0.0	0.0	0.0	0.0	0.0	0.0	0.0	34.452275295113516	0.0	7.094958695379653
TACCTGCAGACAGACTACTTTAGG-1_2	69.00837220438645	41.18959495750719	16.865800200966	0.0	0.0	0.0	0.0	0.0	10.3660988812024	0.0	0.0	0.0	0.0	0.0	0.0	0.0	0.0	0.0	71.78156817053268	0.0	0.0
TACCTTTGTTAACCACACTTTAGG-1_2	51.919658805652695	0.0	8.209119013419999	0.0	34.56788504716424	0.0	0.0	0.0	20.12085327502852	0.0	41.006343287726054	0.0	0.0	0.0	0.0	0.0	0.0	0.0	0.0	0.0	0.0
TACTCACCATCACGAAACTTTAGG-1_2	18.584747551011237	50.870303042435964	6.281709011075594	0.0	0.0	0.0	0.0	29.846973469577545	0.0	0.0	0.0	30.238435682647555	8.361873704129051	0.0	9.029442089998879	0.0	0.0	0.0	0.0	23.5210433434585	0.0
TAGTCTCCAAGCGATCACTTTAGG-1_2	34.81766255309651	0.0	20.59848713731038	0.0	0.0	414.9336812460894	0.0	0.0	0.0	0.0	6.639517795464283	0.0	0.0	0.0	0.0	0.0	0.0	0.0	0.0	0.0	0.0
TAGTTGTTCCGGATAGACTTTAGG-1_2	248.240910388262	0.0	0.0	0.0	0.0	0.0	0.0	0.0	0.0	484.56344814584514	0.0	0.0	0.0	0.0	0.0	0.0	0.0	0.0	0.0	0.0	0.0
TATACCTAGAAACCCGACTTTAGG-1_2	70.20920769850424	0.0	22.922486530360064	17.20606074496307	0.0	54.3481963057485	0.0	0.0	6.364467485028231	0.0	0.0	0.0	0.0	0.0	0.0	0.0	0.0	0.0	46.79617689067571	0.0	3.604881761296081
TATATCCAGGCTTAAAACTTTAGG-1_2	65.01099548358036	0.0	12.309020365728191	2.873294288740123	110.03285795260751	0.0	0.0	0.0	0.0	0.0	0.0	0.0	38.505527058544395	0.0	0.0	0.0	0.0	0.0	0.0	0.0	0.0
TATCGCTCACCACAAAACTTTAGG-1_2	56.367261772811176	0.0	42.335670977933326	0.0	60.59133058401383	0.0	0.0	0.0	0.0	0.0	43.06097257996147	0.0	0.0	0.0	1.3317708278705502	0.0	0.0	0.0	0.0	0.0	0.0
TATGACTTCATCCAGCACTTTAGG-1_2	44.50453120553242	0.0	13.325624671523025	0.0	0.0	37.41382722090261	0.0	0.0	23.208944914148404	0.0	0.0	0.0	0.0	0.0	7.563181193980818	0.0	0.0	0.0	17.069630003045322	0.0	0.0
TATGTCCCATGAGCTAACTTTAGG-1_2	0.0	0.0	47.524632365296775	0.0	0.0	38.936769303801825	27.797224560904134	0.0	462.0548975059901	0.0	0.0	0.0	0.0	0.0	0.0	0.0	0.0	0.0	0.0	0.0	0.0
TATTGCCCAAGTTGCAACTTTAGG-1_2	0.0	0.0	8.65380731927189	20.314312477749525	117.49626923286681	54.45763637329006	74.9559344470355	0.0	22.519473592552647	0.0	0.0	0.0	0.0	0.0	0.0	0.0	0.0	0.0	0.0	0.0	0.0
TCAACTAGTGCATCGCACTTTAGG-1_2	0.0	43.080176795502254	5.511391156387383	13.060563137232549	0.0	0.0	0.0	49.344955288093765	0.0	0.0	0.0	0.0	40.9444504756966	0.0	0.0	0.0	0.0	0.0	0.0	27.760048246912536	0.0
TCAATGGCATTTGCTAACTTTAGG-1_2	0.0	45.85559459636355	15.346520173329978	0.0	0.0	0.0	0.0	0.0	0.0	24.76926299312598	15.62917393463644	0.0	0.0	0.0	53.95637608445134	0.0	0.0	0.0	0.0	0.0	0.0
TCACTCGCACCTACTGACTTTAGG-1_2	48.182634734329426	31.148546318884165	10.141214282226924	43.53979051665062	0.0	0.0	0.0	0.0	0.16692791062507034	0.0	0.0	0.0	0.0	0.0	0.0	0.0	0.0	0.0	0.0	0.0	0.0
TCATGAAAGCTCAAGGACTTTAGG-1_2	0.0	40.573199550365366	12.53850721439214	0.0	0.0	0.0	0.0	0.0	0.0	36.38114705371012	78.46175105087983	0.0	0.0	0.0	163.33086500620996	0.0	0.0	0.0	0.0	0.0	0.0
TCCAAGTGTAATGCGAACTTTAGG-1_2	0.0	0.0	17.44376925373206	0.0	0.0	0.0	0.0	0.0	0.0	904.2526648376311	0.0	0.0	0.0	0.0	0.0	0.0	0.0	0.0	0.0	0.0	0.0
TCCATTACATAAGCTGACTTTAGG-1_2	0.0	0.0	40.548435427247874	0.0	0.0	72.49031600738591	28.315364330646183	0.0	0.0	0.0	0.0	0.0	0.0	0.0	0.0	129.152731279184	0.0	0.0	33.083355507009436	0.0	0.0
TCCTTCTAGTTGACGGACTTTAGG-1_2	0.0	0.0	6.281025260206812	15.780437775889009	0.0	51.113107754649995	0.0	65.35117474206486	133.94715145091456	0.0	0.0	0.0	0.0	0.0	0.0	0.0	0.0	0.0	0.0	0.0	0.0
TCGCGCTCATAATGACACTTTAGG-1_2	80.28001201695473	0.0	37.902071541818486	27.09521840662978	122.77051796253066	0.0	0.0	0.0	0.0	0.0	0.0	0.0	0.0	0.0	22.658193442385375	0.0	0.0	0.0	0.0	0.0	0.0
TCTAACAGTTTCAGGTACTTTAGG-1_2	0.0	65.00818229924344	17.141720089204924	32.59575566855614	0.0	0.0	0.0	55.51932585024547	17.3732054821356	0.0	0.0	5.723824723129084	0.0	0.0	0.0	0.0	0.0	0.0	0.0	0.0	0.0
TCTCGCCTCCTTTGGAACTTTAGG-1_2	52.36080901190918	41.2262124607323	11.051286687328698	0.0	0.0	0.0	0.0	0.0	0.0	0.0	0.0	0.0	10.479783809357894	60.5998361084641	0.0	0.0	0.0	0.0	0.0	0.0	0.0
TGAACCTGTGTTAGCTACTTTAGG-1_2	0.0	56.08622404137354	20.088844453275367	0.0	0.0	0.0	0.0	0.0	0.0	65.886562670853	11.78534371966819	0.0	0.0	0.0	0.0	0.0	26.28164285258551	0.0	0.0	0.0	0.0
TGAAGGAAGGTTATGAACTTTAGG-1_2	36.64222717022934	0.0	32.72058366398067	32.86018912102391	0.0	65.25211950501661	0.0	0.0	146.45409891919098	0.0	0.0	0.0	0.0	0.0	0.0	0.0	0.0	0.0	0.0	0.0	0.0
TGATTTGGTATTGCGTACTTTAGG-1_2	0.0	0.0	13.727434253658577	41.305205537024726	0.0	47.3149598503942	0.0	0.0	0.0	65.79685710793976	0.0	0.0	0.0	0.0	35.597377395436666	0.0	0.0	0.0	0.0	0.0	0.0
TGATTTGGTTTGTCCCACTTTAGG-1_2	57.689826296169045	0.0	4.703910788405632	42.99715069386484	58.40886825392066	0.0	0.0	0.0	0.0	0.0	0.0	0.0	0.0	0.0	0.0	0.0	0.0	0.0	0.0	0.0	16.50970000537553
TGCCGGTGTACGTAAGACTTTAGG-1_2	0.0	0.0	1.0070478224646553	0.0	12.637237465882611	0.0	41.077344137414784	0.0	219.3952496853649	0.0	0.0	0.0	0.0	0.0	0.0	0.0	0.0	0.0	43.38873921945751	0.0	155.72649204575427
TGCGCTAGTAAACCCTACTTTAGG-1_2	53.71159634666757	0.0	19.017813096903048	45.35780435636929	41.52042222949287	0.0	0.0	0.0	0.0	0.0	0.0	0.0	0.0	0.0	0.0	0.0	0.0	0.0	0.0	0.0	13.114451603978452
TGCGCTAGTAACTACCACTTTAGG-1_2	35.24128896535617	45.797720475951486	13.850934815598645	16.872007186163525	0.0	0.0	0.0	0.0	0.0	0.0	0.0	18.152229410705562	0.0	0.0	0.0	0.0	0.0	0.0	0.0	0.0	0.0
TGCGCTTAGGTCTTGCACTTTAGG-1_2	48.69423278698093	85.70626550176365	4.000530086227284	0.0	0.0	0.0	0.0	0.0	17.020907374094648	10.37243035921749	41.45517670607062	0.0	0.0	0.0	0.0	0.0	0.0	0.0	0.0	0.0	0.0
TGCGGAATCCTAAGTTACTTTAGG-1_2	151.35729401507027	0.0	0.0	0.0	3.903347502489547	4.539946979674625	0.0	469.0642921288788	0.0	0.0	4.700553054924988	0.0	0.0	0.0	0.0	0.0	0.0	0.0	0.0	12.445624898220691	0.0
TGCTTAAGTTCGAATCACTTTAGG-1_2	39.77203354218491	0.0	23.226342228168225	14.203428543474828	114.74999563882832	0.0	0.0	0.0	17.881445341562014	0.0	0.0	0.0	0.0	0.0	0.0	0.0	0.0	0.0	0.0	0.0	0.0
TGGAAACTCGAAGTTAACTTTAGG-1_2	28.10556489360345	67.02375570544638	36.01663781968803	20.63032437160464	0.0	0.0	0.0	0.0	0.0	0.0	0.0	0.0	2.1322423341001726	0.0	0.0	0.0	13.646846279070225	0.0	0.0	0.0	0.0
TGGATCGAGCAAAGCTACTTTAGG-1_2	0.0	0.0	2.6434787660291383	75.29177935466399	0.0	34.26161140819782	0.0	57.31922490263049	0.0	0.0	0.0	0.0	0.0	0.0	0.0	0.0	0.0	0.0	0.0	53.89830518030454	0.0
TGGCGTGCATATAGGTACTTTAGG-1_2	57.887005739135816	0.0	38.499236513364025	0.0	66.35959427180235	0.0	0.0	0.0	0.0	0.0	0.0	36.91521885406652	31.360999429254814	0.0	0.0	0.0	24.69842600617961	0.0	0.0	0.0	0.0
TGGGTTTGTAGGTTTCACTTTAGG-1_2	0.0	46.00194709505223	12.403088720189157	27.826230886391794	0.0	0.0	12.548196371351525	0.0	0.0	77.22590191982577	0.0	0.0	19.613876615500853	0.0	0.0	0.0	0.0	0.0	0.0	0.0	0.0
TGGTCAACAAGTTGCAACTTTAGG-1_2	0.0	62.264236280367626	6.474302567415891	55.109053426822015	0.0	0.0	0.0	67.41581168278326	19.432550330208773	0.0	17.816162852511724	0.0	0.0	3.03447771597677	2.2170259476875023	0.0	0.0	0.0	0.0	0.0	0.0
TGGTTAAAGTAGCGCAACTTTAGG-1_2	30.81391165408759	32.190111055312315	20.695145372223166	0.0	0.0	0.0	0.0	0.0	0.0	0.0	0.0	0.0	12.829458782312848	0.0	0.0	0.0	0.0	41.08416367849134	5.6004491446727585	0.0	0.0
TGTGCTGGTACTAACCACTTTAGG-1_2	0.0	81.85308474109095	27.695421283856636	0.0	0.0	0.0	0.0	35.34627957968224	204.27796631963753	24.605245040541927	7.2861416116088495	0.0	0.0	0.0	0.0	0.0	0.0	0.0	0.0	0.0	0.0
TGTTAGTTCAGGCTGAACTTTAGG-1_2	47.031470596172795	0.0	8.468094334269903	0.0	0.0	86.15025218366273	29.665918236048444	0.0	0.0	0.0	0.0	0.0	0.0	32.095571678949696	0.0	0.0	0.0	0.0	0.0	25.432116654550505	0.0
TGTTCCTTCGTCCCGAACTTTAGG-1_2	58.75321501187422	12.920133435827806	33.092660183321904	22.73481540377364	33.176038243279855	0.0	0.0	0.0	3.358080460014244	0.0	0.0	0.0	0.0	0.0	0.0	0.0	0.0	0.0	0.0	9.50734498806209	0.0
TGTTCTTGTTATGTGCACTTTAGG-1_2	41.590053420771056	0.0	4.226260551485341	70.05655484824938	37.62539912453211	0.0	0.0	0.0	9.666442469490578	0.0	0.0	0.0	0.0	0.0	0.0	0.0	0.0	0.0	0.0	0.0	0.0
TTAGAGCAGAATGGGAACTTTAGG-1_2	86.10357812782684	0.0	15.051313259299253	0.0	78.23394652025614	0.0	0.0	0.0	0.0	0.0	29.705021469571015	4.148938842176863	8.890796358317191	0.0	0.0	0.0	0.0	0.0	0.0	0.0	0.0
TTAGCGGAGGTGAATCACTTTAGG-1_2	0.0	52.9068149108684	0.0	0.0	1153.385125230278	0.0	0.0	0.0	0.0	0.0	0.0	0.0	0.0	0.0	0.0	0.0	0.0	0.0	0.0	0.0	0.0
TTAGGTGCAAGCCTAAACTTTAGG-1_2	34.75895541509779	35.60795012292567	14.434464968210293	0.0	0.0	0.0	0.0	13.305502771388223	9.347661874392275	0.0	0.0	0.0	0.0	56.73039355041077	9.55751320556184	0.0	0.0	0.0	0.0	0.0	0.0
TTAGGTGCATAAGTCGACTTTAGG-1_2	0.0	47.32939125004504	16.961305950476177	50.43886409354779	0.0	0.0	0.0	55.74772849984858	9.270997585637161	0.0	0.0	0.0	0.0	0.0	0.0	0.0	0.0	15.002271667453543	0.0	0.0	0.0
TTAGTTGGTATTACCAACTTTAGG-1_2	66.00454368360718	37.7465355375145	8.130296357237462	28.151806113422847	1.6798391934806411	1.5628461617754923	0.0	0.0	7.122581255741918	0.0	0.0	0.0	0.0	0.0	0.0	0.0	0.0	0.0	0.0	0.0	0.0
TTCAACTAGTCACCTAACTTTAGG-1_2	57.320615049938006	39.46163563993818	14.85680746509864	0.0	0.0	0.0	0.0	0.0	0.0	0.0	0.0	0.0	0.0	0.0	0.0	0.0	24.442301582030392	0.0	16.172562271475208	0.0	0.0
TTCCTCCCACTTCGATACTTTAGG-1_2	0.0	22.231886944082003	21.331789062749536	0.0	0.0	0.0	0.0	0.0	0.0	41.35964463425878	43.81755332813674	0.0	112.65170538800824	0.0	0.0	0.0	67.0640309894798	0.0	0.0	0.0	0.0
TTCGATTAGCAGGCTAACTTTAGG-1_2	62.29926613589196	0.0	38.68490720118034	0.0	43.327947464427886	0.0	0.0	0.0	0.0	0.0	0.0	0.0	12.654943157337604	16.42279174580289	5.970174855897791	0.0	0.0	0.0	0.0	0.0	0.0
TTGAACAAGTTTGAGAACTTTAGG-1_2	0.0	42.57571907444915	12.49044234919015	18.739887920225716	0.0	0.0	28.02483541303676	0.0	83.51969588047018	0.0	0.0	0.0	0.0	0.0	0.0	0.0	0.0	0.0	0.0	0.0	0.0
TTGACATTCACAAACAACTTTAGG-1_2	0.0	44.91099022612186	2.627366417265398	0.0	0.0	0.0	48.41835049635391	0.0	0.0	0.0	0.0	28.031649748170114	0.0	0.0	0.0	0.0	0.0	0.0	0.0	0.0	19.875900004110846
TTGAGGAGTCACACCAACTTTAGG-1_2	51.96701110987764	0.0	14.238640004079922	0.0	37.59352425122296	0.0	0.0	0.0	9.560928867235953	0.0	0.0	55.54106473380408	0.0	0.0	0.0	0.0	0.0	0.0	0.0	0.0	0.0
TTGAGGAGTTGCGGCTACTTTAGG-1_2	65.57511518450326	0.0	4.142399568769261	0.0	0.0	69.3828583079467	0.3781685855974624	0.0	0.0	0.0	60.5776746381874	0.0	0.0	0.0	20.933904419144515	0.0	0.0	0.0	0.0	0.0	0.0
TTGTTGTAGTGAATCAACTTTAGG-1_2	53.18871489727716	36.21326024575911	15.985087634450135	0.0	0.0	0.0	0.0	0.0	0.0	0.0	45.79432830653112	0.0	0.0	0.0	0.0	128.1004978225388	0.0	0.0	0.0	0.0	0.0
TTTAGTCAGTTACAGAACTTTAGG-1_2	0.0	0.0	7.943080307929096	0.0	61.72025746723095	0.0	76.45061333877224	0.0	0.0	0.0	8.665719662826673	0.0	0.0	0.0	22.57416700966044	0.0	0.0	0.0	0.0	0.0	0.0
TTTCACCTCCTAAATCACTTTAGG-1_2	45.705447387039165	0.0	2.9438755132666223	10.374708502437805	68.44170660850467	0.0	0.0	0.0	0.0	0.0	0.0	32.13488224028365	0.0	0.0	1.1361615059951315	0.0	0.0	0.0	0.0	0.0	0.0
TTTCACCTCGTTGCACACTTTAGG-1_2	0.0	38.984566775506075	22.900565038098666	59.14238321738112	0.0	0.0	51.77618436590153	0.0	0.0	0.0	0.0	0.0	0.0	0.0	0.0	0.0	6.9639061543782725	0.0	0.0	0.0	0.0
