	1	2	3	4	5	6	7	8	9	10	11	12	13	14	15	16	17	18	19
AAAGCGAAGCGATAACACTTTAGG-1_2	0.0	58.341372098135174	67.3696780301896	14.790180635107195	0.0	0.0	116.09817278644134	0.5048754898903041	0.0	74.33864509540089	0.0	0.0	0.0	0.0	0.0	0.0	0.0	0.0	0.0
AAAGGTACAGCCCTTAACTTTAGG-1_2	127.08227815912488	36.82946860300914	20.81438033549751	0.0	0.0	1.7181516061896767	0.0	27.776102505735842	0.0	0.0	73.01873735167432	0.0	0.0	0.0	0.0	5.553573946517974	0.0	0.0	0.0
AAATCACCAATCATCCACTTTAGG-1_2	77.87411787852947	50.78443709803951	51.08947957278817	17.441349934292365	0.0	0.0	0.0	15.268631686952773	0.0	60.14251315878652	0.0	0.0	0.0	0.0	0.0	0.0	0.0	0.0	0.0
AAATGAGCATTTGTTGACTTTAGG-1_2	32.94903710583241	80.01666555465053	0.0	129.91605073523513	35.6789308441549	35.062276722254616	0.0	22.794468829970832	0.0	0.0	1.3564445142209673	0.0	0.0	0.0	0.0	0.0	0.0	0.0	13.717989303518467
AACCAACAGGACACGCACTTTAGG-1_2	114.94540512574468	76.03982791099901	52.06610288853868	17.304613759313227	0.0	0.0	0.0	9.772512977534083	0.0	0.0	39.270824102284536	0.0	0.0	0.0	0.0	0.0	0.0	24.652526575575457	0.0
AACCTCATCGAACCTCACTTTAGG-1_2	66.24795657698715	68.77767087505494	0.0	12.147126407653582	49.98272159965335	0.0	0.0	9.080314746411627	45.85592670559406	0.0	0.0	0.0	0.0	0.0	0.0	0.0	0.0	0.0	0.0
AACTGAGGTGCTCCAAACTTTAGG-1_2	72.3436340023886	67.38304711175326	55.93661939108753	4.7849928145041005	0.0	0.0	48.029812130783675	6.729520370732796	54.23090661839605	0.0	0.0	0.0	0.0	0.0	0.0	0.0	0.0	0.0	0.0
AAGACAACAAATAGGAACTTTAGG-1_2	104.1168077455528	53.00060959298905	22.09530451422919	8.129449080119366	0.0	0.0	0.0	18.807464051294296	0.0	0.0	88.4731668506887	0.0	0.0	0.0	0.0	16.56646754332975	0.0	0.0	0.0
AAGCCTCTCAATTGGAACTTTAGG-1_2	198.11918143619133	51.81496523154746	37.22546648392322	13.56048983571575	1.6078578535145995	0.0	0.0	0.4491216090796146	0.0	42.11619288764404	0.0	0.0	0.0	5.649599148375494	0.0	0.0	0.0	0.0	0.0
AAGCCTGAGTTAGTTCACTTTAGG-1_2	0.0	950.8627011199402	0.0	0.0	0.0	0.0	26.49037180210206	0.0	0.0	0.0	0.0	0.0	0.0	0.0	0.0	0.0	0.0	0.0	0.0
AAGCGGCTCTAATCACACTTTAGG-1_2	305.1175203680117	26.216590870677805	0.0	17.132427074703486	40.57001647577298	0.0	0.0	23.90967585596786	31.07056570726668	0.0	0.0	0.0	0.0	0.0	0.0	0.0	0.0	0.0	0.0
AAGGGAGGTGGTTACTACTTTAGG-1_2	36.937780356413114	31.667714519221864	0.0	313.3580328775739	16.100118253016642	0.0	0.0	26.487653909994393	23.131300982280642	0.0	0.0	0.0	0.0	0.0	0.0	0.0	0.0	0.0	0.0
AAGGGAGGTTGTTCCCACTTTAGG-1_2	59.39695032813373	33.93357917576488	359.9318355531447	3.8306620473350117	0.0	20.136865258131227	0.0	1.789205451643948	0.0	0.0	0.0	0.0	0.0	0.0	0.0	0.0	0.0	0.0	0.0
AAGGTTGGTATGGTCTACTTTAGG-1_2	103.62290379006193	82.68264008909598	0.0	12.147176947424361	28.829024380789495	108.20796670211473	0.0	15.37850731067753	0.0	0.0	0.0	0.0	0.0	0.0	0.0	0.0	0.0	0.0	0.0
AATACTGAGGTCAAGTACTTTAGG-1_2	105.80951188226248	34.50427454387214	0.0	4.06284328626939	46.19583938981296	55.47472682487073	0.0	16.12588687162643	0.0	0.0	0.0	0.0	0.0	0.0	0.0	0.0	0.0	0.0	0.0
AATCACGCATCCTTGGACTTTAGG-1_2	784.808143938846	0.0	0.0	0.0	0.0	0.0	0.0	0.0	0.0	0.0	0.0	0.0	0.0	0.0	0.0	5.6144170460257525	0.0	0.0	0.0
AATCACGCATTTGGCTACTTTAGG-1_2	66.89518469374025	515.5032324572162	40.84267713967944	7.87132022522653	0.0	0.0	0.0	0.6574253939924304	0.0	0.0	10.044433008066775	0.0	0.0	0.0	0.0	0.0	0.0	0.0	0.0
AATCGCGAGGTTGCAGACTTTAGG-1_2	389.02639327070017	0.0	9.092206503177888	8.543534444150605	0.0	0.0	0.0	6.976024500503367	13.629243207558384	0.0	0.0	0.0	0.0	0.0	0.0	0.0	0.0	0.0	0.0
ACAGCGGGTTGCGCTAACTTTAGG-1_2	125.43121783163912	109.43629323023993	60.81041079922312	10.033383601415535	0.0	10.7690455401403	0.0	14.593284700345393	37.569756792777135	0.0	0.0	4.4969246329120764	0.0	0.0	0.0	0.0	0.0	0.0	0.0
ACATACTTCTGGAAACACTTTAGG-1_2	91.97846869394336	41.6222422270962	0.0	13.48052323837647	55.20431559788445	37.23139483720296	0.0	6.392105710713756	0.0	0.0	0.0	0.0	0.0	29.884221399944952	0.0	0.0	0.0	0.0	0.0
ACCAATCGTTCACTCCACTTTAGG-1_2	130.64103280612576	86.69421182128715	0.0	4.748111714608177	66.57514470150308	0.0	0.0	16.107130222148463	71.85830976762536	0.0	0.0	0.0	0.0	0.0	0.0	16.998159760608875	0.0	0.0	0.0
ACCACGTTCGGGACTAACTTTAGG-1_2	112.66360037326899	69.07080502674043	6.056978256663415	12.251362840240365	47.60618016325554	0.0	0.0	14.239188809050166	36.242871017875004	0.0	0.0	0.0	0.0	11.739816086166362	0.0	0.0	0.0	0.0	0.0
ACCGGCTGTTTCCTCAACTTTAGG-1_2	132.09968272699706	34.57617438481737	75.2507029234511	3.9534104389142177	0.0	0.0	0.0	11.648036778504531	0.0	53.31170055945169	0.0	0.0	0.0	0.0	0.0	0.0	0.0	0.0	0.0
ACCTCTAAGGTAGTTAACTTTAGG-1_2	107.48571364603218	77.26801314337479	43.27617455817405	0.0	0.0	44.615662688720796	0.0	11.553514651511804	0.0	0.0	0.0	0.0	25.952875214282642	0.0	0.0	0.0	0.0	0.0	0.0
ACGGTAAGTCAAAGGCACTTTAGG-1_2	92.9405216628936	37.09784507671024	33.40211051120059	21.243625445539234	0.0	0.0	0.0	0.0	0.0	0.0	63.642092603463865	0.0	0.0	0.0	0.0	0.0	0.0	0.0	0.0
ACTAATGAGGAAACTCACTTTAGG-1_2	90.66867643726418	72.57014443500508	27.337261425409277	5.823179343674498	0.0	0.0	0.0	19.268447784486675	0.0	0.0	53.28733771905658	0.0	0.0	0.0	0.0	3.1672356525705845	0.0	0.0	0.0
ACTACAAAGGATTATGACTTTAGG-1_2	352.255639559762	11.871769106882125	0.0	0.0	11.533026786939557	0.0	193.5785260061236	50.961411074912746	29.63582648423531	0.0	0.0	4.234106643168667	0.0	0.0	0.0	0.0	0.0	0.0	0.0
ACTACTAGTTTGAGCTACTTTAGG-1_2	36.82336476090287	5.8575065267691455	347.63416168146875	0.0	0.0	0.0	0.0	5.324259018186	0.0	23.172922448145112	0.0	0.0	4.603552813378025	0.0	0.0	0.0	0.0	0.0	0.0
AGAAGCAAGTCGTTCAACTTTAGG-1_2	113.60161844286499	60.370219394178164	0.0	24.006904607487595	33.72006220237125	72.54437699771994	0.0	10.343277085918436	0.0	0.0	0.0	0.0	0.0	0.0	0.0	0.0	0.0	0.0	0.0
AGAAGGTCAGGCTATAACTTTAGG-1_2	142.6148374099209	73.62652226387281	0.0	0.0	13.067700103080796	0.0	0.0	7.560052732607737	31.78671710986976	89.03327895406159	0.0	1.2680791235016	5.0013436110926826	0.0	0.0	15.12556959779906	0.0	0.0	0.0
AGACACTAGCTAGATAACTTTAGG-1_2	141.94284369366576	59.55988732107071	42.553845771388175	7.295118860905527	25.119823862834572	18.2602134404901	0.0	3.479784098006081	7.4902412784530945	0.0	23.005623342480256	0.0	0.0	45.59594753612306	3.6559926264601934	0.0	0.0	0.0	0.0
AGATTAGTCAACCTCAACTTTAGG-1_2	71.10218636968501	113.45390079169555	0.0	82.96411476833981	45.329700140181046	0.0	0.0	54.45046084335003	0.0	0.0	43.261363454495175	0.0	0.0	0.0	0.0	0.0	7.787547217555297	0.0	0.0
AGCATCCTCATGGAACACTTTAGG-1_2	95.73506256486056	58.68555947474534	0.0	6.362781854787706	35.676177025184764	42.35958898372394	0.0	7.6740644327436645	0.0	0.0	0.0	0.0	0.0	19.304036401354846	0.0	0.0	0.0	0.0	0.0
AGCCATTGTAATCCTAACTTTAGG-1_2	131.40743406512127	39.19225021050512	27.769352190073338	3.4584494260990315	0.0	0.0	0.0	14.271475394843455	0.0	58.75517608296695	0.0	0.0	0.0	0.0	0.0	0.0	0.0	0.0	0.0
AGCTAAATCGGGACTAACTTTAGG-1_2	153.74625159519243	0.0	14.791066462566887	0.0	0.0	0.0	409.3334232104316	13.36953284629163	0.0	3.8151666850473065	0.0	0.0	0.0	0.0	0.0	0.0	0.0	15.826705470140956	1.6615913405465013
AGCTACCTCCGGATAGACTTTAGG-1_2	121.96991417962545	71.65006339342304	38.57722583381097	11.896800671125888	0.0	51.761777025707445	0.0	13.963636073486352	0.0	0.0	0.0	5.709611978713944	0.0	0.0	0.0	0.0	0.0	2.1705856343322982	0.0
AGCTATGCAAATACCGACTTTAGG-1_2	105.39242288980928	78.10856014339959	0.0	0.0	44.39799669751559	33.31536052660969	0.0	11.576046766466911	0.0	0.0	0.0	0.0	0.0	0.0	0.09814454796292627	0.0	0.0	0.0	23.980431634921477
AGCTGGCAGGTGAATCACTTTAGG-1_2	112.40852436076614	59.14185033515256	64.81554038243793	10.918088863897545	0.0	63.55119033432206	0.0	11.615624134750961	0.0	0.0	0.0	0.0	0.0	19.933398709181507	0.0	0.0	0.0	3.1389397844417113	0.0
AGGGACCTCAGTTAGAACTTTAGG-1_2	250.66420859469648	9.493346129055485	22.49110001491824	0.0	0.0	13.252662537466666	390.4374792643991	9.061240017242842	0.0	0.0	0.0	22.678026873727326	0.0	0.0	0.0	0.0	0.0	0.0	0.0
AGGGTGGAGGCCTTCGACTTTAGG-1_2	113.89238992800661	56.81347529465616	0.0	0.0	47.48544755496024	15.8652058953458	0.0	4.021558483701703	0.0	0.0	0.0	23.476651676653432	0.0	0.0	0.0	0.0	41.79078564982257	0.0	0.0
AGTAAACGTGACACAAACTTTAGG-1_2	134.83951966101105	60.379938066078594	0.0	0.06508812135930872	46.021749388550084	72.73763901424908	0.0	7.33861764553825	0.0	0.0	0.0	10.155899807859214	3.7024243348507606	0.0	0.0	0.0	0.0	0.0	0.0
AGTAGGCGTACAAACGACTTTAGG-1_2	114.80351723158266	94.92051975794148	0.0	21.716608167460787	48.44894451843343	0.0	0.0	2.1121347626243314	64.5962611400521	0.0	0.0	0.0	0.0	0.0	0.0	0.0	0.0	0.0	1.3632997225178847
AGTGACCCAGAATCGCACTTTAGG-1_2	248.8451000629216	8.026248588810882	105.401788002713	0.0	0.0	0.0	0.0	35.47623578576129	45.82568949915081	0.0	0.0	0.0	0.0	0.0	0.0	0.0	1.354891598011911	0.0	0.0
ATAACCAAGGTGAGCCACTTTAGG-1_2	164.2207721735691	49.90793374707336	9.805563703307026	11.241838729452207	0.0	0.0	0.0	12.495601556529781	40.491046824228825	0.0	0.0	0.0	0.0	0.0	0.0	0.0	0.0	0.0	7.696276107633762
ATAAGCCAGAGCAACTACTTTAGG-1_2	457.1494306512647	3.56383623274329	1.3122618038143885	0.0	0.0	0.0	155.87346353108975	0.0	50.47383046276728	0.0	0.0	7.795307244280218	11.242065367506488	0.0	0.0	0.0	0.0	0.0	0.0
ATAGAAGCAGTGAGGAACTTTAGG-1_2	125.88284164678285	114.68776823353906	0.0	0.0	59.47754045913063	0.0	0.0	42.39696259282076	49.003116968244356	0.0	0.0	15.1927007124699	0.0	0.0	0.0	0.0	0.0	0.0	0.0
ATATAGCCATGGGTTAACTTTAGG-1_2	453.03283676842716	0.0	0.0	0.0	7.564740742510656	0.0	167.81268919803023	0.0	0.0	0.0	0.0	0.0	0.0	0.0	0.0	0.0	0.0	12.793256616554947	0.0
ATATCGAAGGGTTTGGACTTTAGG-1_2	21.134273773525862	664.2327443784073	51.4786554193738	0.0	0.0	0.0	0.0	7.17305332227948	0.0	0.0	0.0	8.12972563787445	0.0	0.0	0.0	0.0	0.0	0.0	0.0
ATCAGGTAGAAACTCAACTTTAGG-1_2	249.73631638142706	17.26949480876814	0.0	0.0	0.0	0.0	265.3302436299798	0.0	0.0	0.0	0.0	3.567265495120672	0.0	0.0	0.0	0.0	17.2530515050416	0.0	0.0
ATCGCGCGTTTACCGGACTTTAGG-1_2	0.0	19.718254601359064	728.9637450185394	0.0	0.0	0.0	0.0	0.0	0.0	0.0	0.0	0.0	0.0	0.0	0.0	0.0	0.0	0.0	0.0
ATCGCTCAGGAACCATACTTTAGG-1_2	66.05059300501713	95.09220217359297	0.0	88.17280829246484	40.28892694695561	0.0	0.0	8.328552989950673	46.236193152348946	0.0	0.0	0.0	0.0	0.0	0.0	0.0	0.0	0.0	0.0
ATCGGGCAGGACAACTACTTTAGG-1_2	0.0	0.0	0.0	0.0	0.0	0.0	0.0	841.9263205143969	0.0	0.0	0.0	0.0	0.0	0.0	0.0	0.0	0.0	0.0	0.0
ATGAAAGCATTTGTTGACTTTAGG-1_2	108.04869846570827	81.05618504598546	44.49386613634794	0.0	0.0	27.20734316907896	0.0	12.156667637419725	0.0	0.0	5.054223670780492	27.180960843026405	0.0	0.0	0.0	0.0	4.428356696707876	0.0	0.0
ATGAGGAAGTCTGTGCACTTTAGG-1_2	0.0	28.7214774444795	0.0	25.98128888990683	29.59760815922612	66.60174697655509	142.1166556955793	36.63111367058793	0.0	0.0	0.0	0.0	0.0	18.713775093174537	0.0	0.0	0.0	0.0	0.0
ATGGCCTTCCAAAGGTACTTTAGG-1_2	168.3956887233374	47.19998326232124	35.18711014379806	27.995607618979346	0.0	8.468573149566742	0.0	9.474754883897955	0.0	0.0	30.49120653914021	0.0	0.0	0.0	29.443045530210917	0.0	0.0	0.0	0.0
ATGTGGGTCCGCCTCTACTTTAGG-1_2	139.3178640775018	83.14004596146371	0.0	0.0	57.66277340190917	0.0	0.0	9.808360336160932	14.377789128625274	48.41292431717876	0.0	0.0	21.496819258311252	0.0	0.0	0.0	0.0	0.0	0.0
ATTATGGAGTGTTTGTACTTTAGG-1_2	102.3105255683191	86.91607355002814	0.0	11.13999769838333	16.544362206131396	0.0	0.0	11.410294660347592	0.0	31.566994772861456	0.0	0.0	0.0	9.745574309142578	0.0	0.0	0.0	0.0	0.0
ATTCGATTCTAAATCCACTTTAGG-1_2	40.38662063369005	695.3917459896	14.771550033035453	0.0	0.0	0.0	0.0	0.0	0.0	0.0	0.0	0.0	0.0	0.0	0.0	0.0	0.0	0.0	0.0
ATTGATGAGCAGGCTAACTTTAGG-1_2	74.23405282015253	58.251815142352285	38.65960444561176	0.0	0.0	45.272204041985255	0.0	19.038684574943765	0.0	0.0	0.0	0.0	0.0	0.0	0.0	36.26338557555461	0.0	0.0	0.0
ATTTAGGAGGAAGCCCACTTTAGG-1_2	98.10962566442142	64.41827345279707	39.50545288381734	8.96939873284418	0.0	36.70493392477289	0.0	17.01920189575204	0.0	0.0	0.0	0.0	0.0	14.223117398245437	0.0	0.0	0.0	0.0	0.0
CAAGCGATCTAATCACACTTTAGG-1_2	113.85589640314208	47.91989680611493	0.0	31.636620717736353	52.02564224078844	0.0	0.0	32.69243760628876	0.0	49.25283688868144	0.0	0.0	0.0	0.0	0.0	0.0	0.0	0.0	0.0
CAATACTTCTATGCATACTTTAGG-1_2	73.933454892876	75.17223951516151	44.89876313247512	23.094982920668663	0.0	80.84085868827988	0.0	18.292032603031274	0.0	0.0	0.0	0.0	0.0	0.0	0.0	0.0	0.0	0.0	0.0
CACAAGCCAGGCAACTACTTTAGG-1_2	141.3590686596101	69.30821436942901	46.37755900756589	14.472925909805118	0.0	0.0	0.0	7.019182336435152	0.0	0.0	32.69794864809472	0.0	0.0	0.0	0.0	0.0	38.52580052191852	0.0	0.0
CACGTTATCCCAGACTACTTTAGG-1_2	815.0700988673347	0.0	3.7155041448721864	0.0	0.0	0.0	0.0	0.0	0.0	12.415626685770897	0.0	0.0	0.0	0.0	0.0	0.0	4.467103751556873	0.0	0.0
CAGCTGGCAGTTATGGACTTTAGG-1_2	123.38233043861223	41.78400771966929	4.243703050084784	23.102183405803892	41.583235127503976	71.11175002761952	0.0	5.970271601539527	0.0	0.0	0.0	0.0	0.0	0.0	0.0	0.0	0.0	0.0	0.0
CAGGGCAGTCAATCGTACTTTAGG-1_2	29.852013143730886	57.369297412842364	34.139397732803275	0.02844850255099424	0.0	125.48462117775367	19.17987008847596	10.220993422432267	204.1599967427365	0.0	0.0	11.44088780790254	0.0	0.0	0.0	0.0	0.0	0.0	0.0
CAGGTTCTCGCTCAGTACTTTAGG-1_2	96.17739385077718	36.00570687066281	0.0	34.91444980845405	32.855058268101345	81.29971330937067	0.0	12.311174393975737	0.0	0.0	0.0	0.0	0.0	0.0	0.0	0.0	0.0	0.0	0.0
CAGTATTTCCTGGAAGACTTTAGG-1_2	278.02983128230863	24.123725110685687	23.39819888387346	0.0	20.671742693792652	0.0	0.0	18.034479156175596	40.16352351313687	0.0	0.0	0.0	0.0	11.351761797933424	0.0	0.0	0.0	0.0	0.0
CAGTGTGAGGTGAGAAACTTTAGG-1_2	96.01358346551908	131.44271616832617	26.83438301248832	0.0	0.0	38.02496731416824	0.0	0.25933585279445454	0.0	0.0	0.0	0.0	0.0	0.0	9.087665326310088	0.0	0.0	0.0	0.0
CATCCTTTCACCTAATACTTTAGG-1_2	195.67766376122347	44.69129243137202	31.312556738346473	0.0	0.0	72.2948370922478	0.0	11.354713426795701	0.0	0.0	0.0	0.0	0.0	0.0	0.0	11.082552732781469	0.0	0.0	0.0
CATTAGCGTATTTCGAACTTTAGG-1_2	121.76221744105784	51.52410327494317	0.0	7.1367144369833	26.799154891391208	0.0	0.0	10.30221626839205	81.96385752031766	0.0	1.4512467012139993	0.0	0.0	0.0	0.0	0.0	0.0	0.0	0.0
CCAAGACCACTTCGATACTTTAGG-1_2	141.72623089558488	104.95725414005412	37.86070783676441	31.945681663433525	16.39056544479089	29.30282874169374	0.0	2.7924872383839823	0.0	0.0	0.0	0.0	0.0	9.832421581749305	0.0	0.0	0.0	0.0	0.0
CCAAGTGAGCCATAAAACTTTAGG-1_2	104.63119871556559	66.83277996790679	0.0	83.17381215921533	20.833798392885	0.0	0.0	19.327880213555	0.0	0.0	35.67249992798843	0.0	0.0	0.0	0.0	0.0	0.0	0.0	0.0
CCACATTCAGTAATACACTTTAGG-1_2	154.1280348369387	38.2663021258101	32.783976846046585	24.081693837193708	6.213587308846044	0.0	0.0	4.059437569637343	0.0	0.0	40.030925781980926	0.0	0.0	0.0	2.8953446916113847	0.0	0.0	0.0	4.107407443998853
CCACTAATCGATTCTGACTTTAGG-1_2	91.72880837075712	9.025289736848054	0.0	133.4032766929725	17.85544951044944	0.0	0.0	10.516405712534231	0.0	70.49848650367862	0.0	0.0	0.0	0.0	0.0	113.76532896985935	23.910629465404877	0.0	0.0
CCACTAATCGGGCAACACTTTAGG-1_2	416.6924849719274	7.540027045744786	0.0	0.0	14.14555257478024	8.390359872959086	95.6245141454418	2.797099604428895	0.0	0.0	0.0	0.0	0.0	0.0	0.0	4.411650320018679	0.0	0.0	0.0
CCAGGTTTCAACTTGTACTTTAGG-1_2	417.5905920169157	0.0	4.974661768670789	0.0	0.0	13.70952433268666	0.0	13.116771936573704	0.0	0.0	0.0	0.0	12.281462889126976	0.0	0.0	0.0	0.0	5.096696829959938	0.0
CCATCAGGTTGCACTGACTTTAGG-1_2	47.958078647611906	19.57056732501958	317.8532442035386	0.0	0.0	0.0	0.0	7.878768964092074	15.664180291176638	27.867047624031134	0.0	0.0	0.0	0.0	0.0	0.0	0.0	2.4104997934227255	17.852533550030913
CCATTCGCATTGCCTGACTTTAGG-1_2	101.01594577539083	127.50729291005405	34.258685594964845	9.896436307685686	10.054344911247515	0.0	0.0	15.258129059894772	0.0	0.0	36.164162170831055	15.162717999138678	0.0	0.0	0.0	0.0	0.0	0.0	2.18683847648279
CCCACTTGTAAACCCTACTTTAGG-1_2	126.83424730795042	27.79375603173322	37.960068614425296	11.404612234064352	50.97833550250623	0.0	0.0	11.95869421823744	0.0	61.53773234824425	0.0	0.0	0.0	0.0	0.0	0.0	0.0	0.0	0.0
CCCTGTTGTTAGCATCACTTTAGG-1_2	0.0	11.858404157108724	0.0	0.0	48.82780814304458	48.34123339290885	133.48809002419537	8.490724946576403	0.0	0.0	0.0	19.196605022038845	0.0	33.33550135187558	0.0	0.0	0.0	0.0	0.0
CCGGTACGTTGAGTCTACTTTAGG-1_2	82.66251181547321	102.92625322561375	42.061614900469934	0.0	11.442085107505775	3.1681938729581662	0.0	10.913776598321999	12.154079451028482	0.0	0.0	0.03151408982385005	35.60099010470725	0.0	0.0	0.0	0.0	0.0	0.0
CCTCAATCAACATAGTACTTTAGG-1_2	519.0912934997298	23.226465227092646	0.0	0.0	0.0	6.704587842671602	9.85515545787491	4.085312215986161	0.0	0.0	0.0	0.0	0.0	0.0	0.0	0.0	0.0	0.0	0.0
CGACTTTCAAATCACGACTTTAGG-1_2	62.30108468335329	79.05727091706606	0.0	0.0	49.54078313727186	25.627031685634705	0.0	25.705811428766435	0.0	0.0	0.0	0.0	0.0	0.0	0.0	26.185718326685123	0.0	1.920907488577689	0.0
CGATTGACACGGTAACACTTTAGG-1_2	543.4451550492413	15.973103149968434	0.0	0.0	26.281509337709934	0.0	0.0	0.0	0.0	0.0	0.0	0.0	0.0	0.0	0.0	0.0	0.0	0.0	0.0
CGCACATTCATTGCATACTTTAGG-1_2	0.0	146.7587418446058	0.0	0.0	18.243996796508405	0.0	79.98456872200123	75.99733310081793	0.0	0.0	0.0	0.0	0.0	0.0	0.0	0.0	0.0	0.0	15.729626953573563
CGCAGCACACTAGTAGACTTTAGG-1_2	123.51979295352739	30.67188838293711	41.599893102506414	10.03017119983418	0.0	0.0	0.0	10.469848730451055	0.0	0.0	29.877336699485873	0.0	0.0	0.0	0.0	0.0	0.0	42.069592651892634	0.0
CGCGACACAAGCGAAGACTTTAGG-1_2	78.96720093074211	42.72837293534377	0.0	0.0	35.174686041311546	114.7497262249111	0.0	14.781899941928971	0.0	0.0	0.0	3.2830120735842723	0.0	0.0	0.0	0.0	0.0	0.0	0.0
CGCTGGACATGTGGCGACTTTAGG-1_2	182.68631798892645	41.338209174776786	0.0	0.0	44.479300979964215	0.0	0.0	11.921250078418913	97.17343424351986	0.0	0.0	5.035830253723537	12.066963832594602	0.0	0.0	0.0	0.0	0.0	0.0
CGGAACCAGTCTAACTACTTTAGG-1_2	0.0	0.0	0.0	0.0	0.0	0.0	0.0	0.0	0.0	0.0	0.0	0.0	0.0	38.68787547770252	1170.5079077346834	0.0	0.0	10.398433660154582	0.0
CGGTCAAAGGCGAGAGACTTTAGG-1_2	119.46633590388444	48.02334509656062	31.97303152223325	10.014689156021216	0.0	0.0	0.0	19.012763291998855	0.0	72.67755166845262	0.0	0.0	0.0	0.0	0.0	0.0	0.0	0.0	0.0
CGTAATCGTGGACACGACTTTAGG-1_2	64.7189148586757	56.577894407916894	82.08606555398642	12.318170017683599	0.0	8.705590769923557	0.0	14.169335523772824	0.0	0.0	0.0	29.768760790768926	2.174465242773338	0.0	0.0	0.0	0.0	0.0	0.0
CGTAATTTCCTGGAAGACTTTAGG-1_2	75.97710864984197	78.67944938529946	17.886844580453378	0.0	12.641816881060567	0.0	0.0	0.0	0.0	0.0	25.561504592913195	0.0	0.0	0.0	1.4951966058629242	0.0	14.556767308308523	0.16623789948709053	18.562705161907267
CGTGTCCCATTGCATCACTTTAGG-1_2	79.70258357384971	112.0911526377471	0.0	7.413153193955272	34.13261993156093	25.942026708806946	0.0	6.481019255739868	0.0	0.0	0.0	0.0	0.0	0.0	0.0	0.0	0.0	0.0	0.0
CGTTATGTCGCCTCGAACTTTAGG-1_2	60.08752735154124	50.307676943439226	0.0	121.73501591494833	20.92242294867303	0.0	0.0	17.20805917770301	15.043472526934366	0.0	0.0	0.0	0.0	0.0	0.0	0.0	0.0	0.0	0.0
CGTTTGGGTGACCTTGACTTTAGG-1_2	310.3107266923388	8.022737631611957	13.126253501643305	0.0	16.553510889489687	0.0	0.0	49.47239585138353	6.715643005308439	0.0	0.0	0.0	5.193002569739648	0.0	0.0	0.0	0.0	6.577847478908133	0.0
CTAAGTGCATCCGCTAACTTTAGG-1_2	690.3722784698973	0.0	0.0	0.0	7.702073147972319	0.0	0.0	0.7044787437070734	0.0	0.0	0.0	4.375548540825519	0.0	0.0	0.0	0.0	0.0	0.0	0.0
CTACCCACAAGTTAACACTTTAGG-1_2	0.0	0.0	0.0	0.0	0.0	0.0	0.0	0.0	0.0	0.0	0.0	1417.8679759611996	0.0	0.0	0.0	0.0	0.0	0.0	0.0
CTATCCGCAGCAATTGACTTTAGG-1_2	69.298309565646	61.94742486981305	48.36890497081933	0.0	0.0	0.0	0.6370630879564051	10.541060932732572	62.99941829863422	0.0	0.0	0.0	0.0	0.0	0.0	0.0	0.0	0.0	0.0
CTATGCTCAATGTGGCACTTTAGG-1_2	0.0	0.05224519236995471	539.4034108191082	3.82557942384431	61.21474307019134	2.8583221990982763	20.78984198249684	16.879687108724074	0.0	0.0	0.0	0.0	0.0	0.0	0.0	0.0	4.442750843408797	0.0	0.0
CTATTACAGCCACTCGACTTTAGG-1_2	417.1067158877098	20.155547360107835	24.684976685760073	8.323622912249448	0.0	0.0	37.35406966086116	4.26369300186573	0.0	0.0	0.0	0.0	0.0	0.0	0.0	0.0	0.0	0.05009657732923145	0.0
CTCAACATCCAAATAGACTTTAGG-1_2	110.8483891791606	72.72950744672713	35.750227876157574	0.0	0.0	0.0	0.0	3.617309549689797	0.0	92.99864325635838	0.0	0.0	0.0	0.0	0.0	12.550837355995002	17.165357911689252	0.0	0.0
CTCATTACAAGCTTTCACTTTAGG-1_2	230.5559875539972	12.492142201053811	33.76618947080748	1.454422937763289	0.0	0.0	0.0	9.541046431255449	0.0	24.47437785061161	0.0	0.0	0.0	0.0	0.0	0.0	0.0	0.0	0.0
CTCCATCGTTTGTTGAACTTTAGG-1_2	441.69594207686293	41.853342128501026	20.652335966281175	0.0	0.0	0.0	0.0	9.863781458057387	32.42483771623589	0.0	0.0	0.0	0.0	0.0	0.0	0.0	0.0	0.0	0.8294362949984257
CTGATCCAGCACGTTCACTTTAGG-1_2	103.249091186149	71.94873882379513	0.0	0.0	66.52707597105814	57.86317218794246	0.0	19.46928033848679	0.0	0.0	0.0	9.60751560163799	0.0	0.0	0.0	0.0	29.090104629110563	0.0	0.0
CTGCAACTCAGGGATTACTTTAGG-1_2	454.3120742621275	12.622054494007573	0.0	0.0	2.931526920534514	4.759846492150682	102.03047615710483	19.670216288514315	0.0	0.0	0.0	0.0	0.0	0.0	3.020950954451966	0.0	0.0	11.548433582823057	0.0
CTGGTTATCTCTCGCCACTTTAGG-1_2	78.13974173175541	40.125697520034294	0.0	4.602207459651098	30.051472684074792	18.13384697115704	0.0	14.979987199339847	0.0	0.0	92.12959866411873	0.0	0.0	0.0	0.0	0.0	0.0	0.0	0.0
CTGTTTACACCATCCAACTTTAGG-1_2	108.18606315709147	86.63725649489189	4.8487133665039295	0.0	0.0	0.0	0.0	20.994074545547793	0.0	105.99675579537309	0.0	0.9913490600720923	108.21945266579117	0.0	0.0	0.0	0.0	0.0	0.0
CTTCAATAGGTAAGCTACTTTAGG-1_2	61.8255170576571	41.71466548307311	269.6496562936302	11.772621972571178	0.0	0.0	0.0	1.45519675398613	72.59477850696938	0.0	0.0	0.0	0.0	0.0	0.0	0.0	0.0	0.0	0.0
CTTGCTGCACATGAATACTTTAGG-1_2	43.16985102112274	26.299813121982208	0.0	176.86256627685495	45.53616540255321	0.0	0.0	37.45719170825302	0.0	0.0	55.852923092064025	0.0	0.0	0.0	0.0	0.0	11.839338485337777	0.0	0.0
CTTTAACAGGGTTTCCACTTTAGG-1_2	195.31858109591155	11.274362260202595	75.44576411268442	4.485196216509516	0.0	49.69222435943553	0.0	22.378015575877576	0.0	0.0	0.0	0.0	3.7447021492628956	0.0	0.0	0.0	0.0	0.0	0.0
CTTTAACAGTCGAAGTACTTTAGG-1_2	103.83209805638774	63.08736925040438	33.383438647342395	4.322852808342928	10.001804473217492	0.0	0.0	11.33972092622757	0.0	0.0	33.228853227995806	0.0	0.0	26.086427551910706	0.0	0.0	0.0	0.0	0.0
CTTTCGTTCGCAACGAACTTTAGG-1_2	90.17273829123506	66.71268899345311	32.91089698941736	0.0	0.0	156.5376789068958	0.0	7.458393163825206	0.0	0.0	0.0	0.0	9.843096102796125	0.0	0.0	0.0	0.0	0.0	0.0
GAACAATGTCAGGATAACTTTAGG-1_2	0.0	0.0	331.1394233565509	0.0	279.88299766370534	0.0	27.47504009707102	2.5226303909701193	0.0	0.0	0.0	7.572270068800646	0.0	0.0	0.0	0.0	0.0	0.0	0.0
GAAGAATAGCTTAAAGACTTTAGG-1_2	85.62323862312795	74.65998123187983	0.0	5.461140736525833	64.24743492489556	46.47241381038749	0.0	8.862178056058967	0.0	0.0	0.0	0.0	0.0	16.884840192947618	0.0	0.0	0.0	0.0	0.0
GAAGTATGTGCGGCTTACTTTAGG-1_2	122.28576459323057	59.15267904905206	0.0	18.685107393074876	43.13709852739549	23.700429884647313	0.0	9.261810340847997	0.0	0.0	6.607859644894651	0.0	0.0	0.0	0.0	0.0	0.0	18.57999195923272	0.0
GAATGACTCTGGTCTAACTTTAGG-1_2	37.83978305257451	49.50880299564656	0.0	97.41824376460423	48.98223079685473	57.65127249465169	0.0	5.173513126976479	0.0	0.0	0.0	0.0	0.0	0.0	0.0	0.0	0.0	0.0	0.0
GAATGCGTCAATTTGCACTTTAGG-1_2	115.4716194936596	87.34592275916698	0.0	0.0	37.79092376465671	3.968405879875145	0.0	4.0616039121569925	0.0	0.0	14.017657741158533	19.439485483376135	0.0	0.0	0.0	0.0	0.0	0.0	0.0
GACAGGGAGGAAGCAAACTTTAGG-1_2	48.212637726143676	63.29365215633963	21.292915042325998	48.72964639501084	0.0	0.0	0.0	0.0	0.0	0.0	19.684017738029617	0.0	0.0	0.0	0.0	0.0	0.0	6.204256546052507	0.0
GACCGTGCAACTAAGTACTTTAGG-1_2	78.25717865880829	65.64090290002265	0.0	0.0	66.58347350359995	0.0	0.0	0.09537087781565931	28.638543950504673	0.0	0.0	26.275518048679835	0.0	0.0	0.0	0.0	2.2975246229371904	0.0	0.0
GACTAAATCTGGTCTAACTTTAGG-1_2	119.10659351193273	115.75714812065273	0.0	0.0	55.96269220096665	0.0	0.0	9.297078379818162	39.7178498709947	0.0	0.0	0.0	0.0	0.0	0.0	0.0	16.35882701066626	0.0	6.048063240041869
GACTCAACAGATTGCAACTTTAGG-1_2	115.68835123915697	31.444592291423277	0.0	0.0	25.211908801563162	0.0	0.0	0.0	8.211467275589433	46.33462683175987	0.0	0.0	0.0	0.0	0.0	29.865814011564026	0.0	0.0	0.0
GACTTACGTCATTATGACTTTAGG-1_2	136.7151435936302	41.125398712274254	0.0	5.447241359013465	56.34800882969138	32.83302099272408	0.0	5.851512682647804	0.0	0.0	0.0	0.0	19.122412532832	0.0	0.0	0.0	0.0	0.0	0.0
GACTTACGTTAACGAGACTTTAGG-1_2	15.681514120598099	57.171432491679425	0.0	64.79899425181422	46.427053941296926	13.949218668637657	10.534880081180065	0.0	0.0	0.0	0.0	0.0	0.0	14.455806662483383	0.0	0.0	0.0	0.0	0.0
GAGCAAGCACCATCATACTTTAGG-1_2	61.44632442394504	0.0	41.788904349020925	132.39694167064806	0.0	0.0	0.0	2.983292832302951	79.9809833928755	0.0	0.0	0.0	0.0	19.513428194558596	0.0	0.0	0.0	0.0	0.0
GAGCTATAGCGCTCCAACTTTAGG-1_2	66.96174009912517	63.97659108148349	0.0	89.80971939629674	49.30626321886545	0.0	0.0	42.14499427265527	48.704305955737965	0.0	0.0	0.0	0.0	0.0	0.0	0.0	0.0	0.0	0.0
GAGGAGTAGCAATCGGACTTTAGG-1_2	0.0	0.0	846.9744357585354	0.0	0.0	0.0	0.0	0.0	0.0	0.0	0.0	0.0	0.0	3.638331365727458	0.0	0.0	0.0	0.0	0.0
GATATGATCCTGTTCTACTTTAGG-1_2	109.78040129068995	36.42279905521156	22.6718475064663	0.0	12.086892859834036	82.37025746829813	0.0	11.258935216493265	0.0	0.0	0.0	26.82016301661487	0.0	0.0	0.0	0.0	0.0	0.0	0.0
GATCACACACCAACAAACTTTAGG-1_2	180.87284643643736	44.030932538742434	0.0	34.480873554456174	105.42747905200251	0.0	0.0	12.787200823468043	0.0	0.0	65.87058629299867	0.0	0.0	10.669969906147239	0.0	0.0	0.0	0.0	0.0
GATGGTAGTGAACGACACTTTAGG-1_2	123.70705208032736	80.31680380224506	43.37683454453153	8.564019817987697	0.0	49.63862281981288	0.0	6.015710566739202	0.0	0.0	0.0	0.0	0.0	0.0	0.0	0.0	0.0	0.0	0.0
GATTAGTCAACAGAGGACTTTAGG-1_2	195.99387797840674	28.935370661640555	37.496550625008496	0.0	0.0	0.0	0.0	11.324992723584044	0.0	9.653256439659664	0.0	0.17768749098275688	4.157282925281047	12.992053937714338	0.0	0.0	0.0	0.0	0.0
GCAAATTCAACCGGATACTTTAGG-1_2	112.85937448006388	38.667543720061566	50.15657213667246	14.446387319392866	0.0	0.0	0.0	7.095722480804408	74.04880656215431	0.0	0.0	0.0	0.0	0.0	0.0	0.0	0.0	0.0	15.58469271831952
GCAGCAATCTTGATCGACTTTAGG-1_2	134.42712839473657	36.297179010976734	0.0	20.832114117269004	33.752981821961235	29.530134522999333	0.0	4.930524774821508	0.0	0.0	32.525887614247914	0.0	0.0	0.0	0.0	0.0	0.0	0.0	0.0
GCAGGCTAGGCGATATACTTTAGG-1_2	0.0	30.805250086726048	0.0	0.0	27.697425179444945	0.0	352.21819643573974	13.65514174354581	24.111530045980228	0.0	0.0	0.0	0.0	0.0	0.0	0.0	0.0	0.0	0.0
GCATTTGTCGGTTCCGACTTTAGG-1_2	177.54176172941274	31.188423168776843	0.0	0.0	81.53127517524496	0.0	0.0	31.932619333036442	8.92083654142392	0.0	0.0	14.84372255543797	0.0	0.0	0.0	0.0	0.0	0.0	0.0
GCGAGCTAGTTTGCATACTTTAGG-1_2	98.48050313392626	115.69485939274176	28.671661169300485	11.586670716195709	0.0	0.0	0.0	3.7011831315659167	4.241851772178432	0.0	26.282397303873946	4.03233103657753	0.0	0.0	0.0	0.0	0.0	0.0	0.0
GCGTTACTCCCGCTGAACTTTAGG-1_2	63.68233180907934	54.88579210481171	41.1668203451991	13.711495931500853	0.0	68.61460052010942	0.0	3.089390210322882	0.0	0.0	0.0	0.0	0.0	9.648049635972935	0.0	0.0	0.0	0.0	0.0
GCTAACTGTGCTTCGAACTTTAGG-1_2	599.5686775479336	0.0	0.0	0.0	16.81329429245203	1.729092224495301	0.0	0.0	0.0	0.0	0.0	0.0	0.0	0.0	0.0	0.0	0.0	0.0	0.0
GCTCACCCATCATGTCACTTTAGG-1_2	81.16998394763763	49.48656916822896	0.0	16.560786997262458	58.24481734579634	15.329571379797446	0.0	15.19966893790361	0.0	0.0	5.70603940470244	0.0	0.0	0.0	0.0	0.0	0.0	30.00031147618957	0.0
GCTCACTAGGTATAGCACTTTAGG-1_2	92.47801474317308	51.4836411410334	0.0	46.81429212398535	35.10016513659049	0.0	0.0	22.083671239132165	2.594757550919492	0.0	56.57288675304558	0.0	0.0	0.0	0.0	0.0	0.0	0.0	0.0
GCTCCATAGCCTGCCAACTTTAGG-1_2	125.00054492844278	26.613898807306178	29.006548192754575	9.528728849440252	0.0	0.0	0.0	37.91303341357527	0.0	0.0	60.58850317737124	0.0	9.545782636297222	0.0	0.0	0.0	0.0	0.0	0.0
GCTGGATCACCACACCACTTTAGG-1_2	0.0	973.7592904027471	0.0	0.0	0.0	0.0	0.0	3.8251896226561852	0.0	0.0	5.793547959580626	0.0	0.0	0.0	0.0	0.0	0.0	0.0	0.0
GCTTACATCGTCAATTACTTTAGG-1_2	116.96153724994032	76.52067968786785	0.0	0.0	60.41645536680018	0.0	0.0	6.222870164788787	0.0	0.0	14.13132052895706	0.0	4.7343826059145595	0.0	0.0	6.089551022025197	0.0	0.0	2.785246810589048
GCTTGATGTTTACGACACTTTAGG-1_2	138.90976413348298	73.81160247114302	0.0	1.352569896001456	32.451627504138536	0.0	0.0	10.490221003815122	0.0	51.50476778091274	0.0	0.0	0.0	0.0	0.0	0.0	0.0	0.0	0.0
GGAACCGGTATAGTGGACTTTAGG-1_2	94.24776120491175	73.99368396297457	0.0	6.12255318980046	44.96228059194182	24.754138617546506	0.0	3.61068643790685	0.0	0.0	9.923592845611706	0.0	0.0	0.0	0.0	0.0	5.278376767541107	0.0	0.0
GGAAGCCTCGTCCCGAACTTTAGG-1_2	518.3251633083152	36.73101610779346	1.1075471652827062	0.0	0.0	0.0	0.0	2.8159921171425566	6.480303526164195	0.0	0.0	0.0	0.0	0.0	0.0	0.0	10.834860864112676	0.0	0.0
GGATTGCCAGAATCGCACTTTAGG-1_2	137.35785184105754	59.205181261824926	0.0	15.282037703047232	41.03185457914119	47.50202164139022	3.2526116557711915	6.487867122938297	0.0	0.0	12.148359288959691	0.0	1.2879797598343041	0.0	0.0	15.28789178913835	0.0	0.0	0.0
GGCAATCCAAATAAGGACTTTAGG-1_2	69.25313219728758	39.40627792509308	0.0	0.0	37.42205717540875	69.122432241314	0.0	16.84100212661897	0.0	0.0	6.279053904527668	0.0	3.6160549171128444	0.0	0.0	0.0	0.0	0.0	0.0
GGCATGATCGACTTTGACTTTAGG-1_2	310.33917972989855	26.77928919719122	0.0	0.0	0.0	0.0	111.31207890242723	0.0	0.0	0.0	0.0	0.0	0.0	0.0	0.0	0.0	0.0	0.0	0.0
GGCATTTGTAATGCCTACTTTAGG-1_2	280.91792953181994	11.82478269265601	24.98683142237051	6.993428735837163	0.0	0.0	0.0	0.0	13.905176500818733	0.0	0.0	0.0	0.0	0.0	0.0	0.0	0.0	0.0	0.0
GGCCTTTAGCAGGTTGACTTTAGG-1_2	106.92377780985875	84.8716705537795	0.0	11.352285245550789	13.913413527067544	0.0	0.0	5.330758543107928	37.93027337972735	0.0	0.0	0.0	0.0	0.0	0.0	0.0	22.17896377164413	0.0	0.6433163105878973
GGCGAATGTAAACCCTACTTTAGG-1_2	104.34545015387958	19.39763620994975	37.1450828743016	30.566399360564922	0.0	0.0	0.0	6.121866140391974	0.0	96.41178400716392	0.0	0.0	0.0	0.0	0.0	0.0	0.0	30.023129486558325	0.0
GGCTGATCAATTGAGTACTTTAGG-1_2	46.9119462689237	28.36383640887419	0.0	33.12473810042659	53.928590411257254	0.0	57.025314008668175	8.32303842992927	0.0	60.35097320886068	0.0	0.0	0.0	0.0	0.0	0.0	18.79465324540909	0.0	0.0
GGCTGATCACCTACTGACTTTAGG-1_2	59.04001607699979	61.10739979836219	0.0	167.31693807205966	46.369285236538204	0.0	0.0	25.159463275771696	94.48217916412504	0.0	0.0	0.0	0.0	0.0	0.0	0.0	0.0	0.0	0.0
GGCTTAGAGGTTAGGTACTTTAGG-1_2	27.1379638501439	682.7507389567735	19.827755533988494	1.4906738135939732	0.0	0.0	0.0	6.011099522576695	0.0	0.0	11.667374871669592	0.0	0.0	0.0	0.0	0.0	0.0	0.0	0.0
GGGATGGAGATAGCTAACTTTAGG-1_2	117.14829704583813	56.95549476144014	0.0	5.0358743343052454	45.35700168129308	0.0	0.0	7.505859688551792	31.59319993353276	0.0	0.0	2.3749692750296645	0.0	0.0	0.0	0.0	0.0	36.61354279776021	0.0
GGTGTGATCCTAAGTTACTTTAGG-1_2	62.31591948566888	79.96450895126178	47.57898995189216	0.0	0.0	72.75710644226533	0.0	7.794236659356282	0.0	0.0	0.0	0.0	15.160196840324001	0.0	0.0	0.0	0.0	0.0	0.0
GGTGTTTGTACGAATGACTTTAGG-1_2	90.95322170507531	34.83065119987411	0.0	0.0	303.8528942508055	0.0	0.0	3.773162684061282	0.0	33.081474851993576	0.0	0.0	0.0	0.0	0.0	12.604753403370122	0.0	3.9407946345397087	0.0
GGTTACCTCGGCTAAGACTTTAGG-1_2	91.90226834624754	52.36968300356558	0.0	16.45431633023768	52.061595055109336	0.0	5.555956350760735	26.006203742946056	39.66961435739566	30.563230692656497	0.0	0.0	0.0	0.0	0.0	0.0	0.0	10.081994815183364	9.13194019541418
GGTTGACCAATAGAAGACTTTAGG-1_2	94.152767738751	60.64634028050409	24.360886083125983	0.0	1.000663066823359	0.0	0.0	10.555679557201927	83.77953079009447	0.0	0.0	50.93601107921192	2.882742234618197	0.0	0.0	0.0	0.0	0.0	0.0
GTAACCTGTAACGTGAACTTTAGG-1_2	116.51279846778398	72.67396267300091	0.0	19.303315013790527	35.128781624858405	0.0	0.0	22.7499931030113	35.52161502865905	0.0	0.0	0.0	0.0	0.0	8.607674505761846	0.0	0.0	11.78183868032148	0.0
GTACCTATCCTTGTTCACTTTAGG-1_2	78.54038339664261	39.2481755821454	20.787372259459275	0.0	0.0	62.953218648955456	0.0	7.8816222440094315	0.0	0.0	16.607897624947032	0.0	22.358469269830007	0.0	0.0	0.0	0.0	0.0	0.0
GTTAGCGAGCTAAATGACTTTAGG-1_2	527.4996158909046	0.0	0.0	0.0	0.0	0.0	0.0	0.0	0.0	0.0	11.02741655369357	0.0	0.0	2.1028530780824632	0.0	0.0	0.0	0.0	0.0
GTTCCATCAGCTCGCTACTTTAGG-1_2	462.6722486448767	0.0	0.0	4.586408596158177	10.640504883420682	0.0	0.0	3.5734800560475026	0.0	0.0	0.0	0.0	0.0	0.0	0.0	0.0	0.0	0.0	0.0
GTTGGATAGGGCGGTTACTTTAGG-1_2	169.69014772390622	155.9856369820987	50.611261997798245	16.180582273145223	0.0	31.371510966974142	0.0	11.27968277860572	0.0	0.0	0.0	0.0	0.0	0.0	0.0	0.0	0.0	0.0	0.0
GTTGTTGTCGATTAAGACTTTAGG-1_2	138.3433949902049	31.488008499689222	0.0	4.244141802111596	49.50722025003943	0.0	0.0	0.0	35.44218173567303	0.0	0.0	0.0	0.0	0.0	0.0	0.0	0.0	9.40232925256106	0.0
GTTTGGGAGCAAATTGACTTTAGG-1_2	42.60955146008393	17.998825477694947	0.0	47.666160385493704	10.207591398980519	55.533352173246165	0.0	0.0	0.0	0.0	0.0	0.0	0.0	0.0	0.0	0.0	0.0	0.0	0.0
GTTTGTCCATTGCCCAACTTTAGG-1_2	801.1196965591059	0.0	0.0	0.0	0.0	0.0	0.0	0.0	0.0	0.0	0.0	0.0	0.0	0.0	0.0	0.0	0.0	0.0	0.0
TAACCAAAGCATCTATACTTTAGG-1_2	90.24929572773091	76.29438064238342	0.0	18.809872203733605	49.87778025840671	0.0	0.0	11.876263491081405	0.0	0.0	32.83698937852831	0.0	0.0	0.0	0.0	0.0	22.806769471715434	0.0	0.0
TAACGTTTCAGCATGGACTTTAGG-1_2	55.19630141466851	58.30966219505738	0.0	87.03018241048397	20.18001508874004	0.0	0.0	43.00968982521242	0.0	0.0	26.239568731750307	0.0	0.0	0.0	0.0	32.04170346002377	0.0	0.0	0.0
TAAGGTTCAGCAATTGACTTTAGG-1_2	101.77869123296476	39.18240738077869	27.353663562089235	0.0	0.0	0.0	0.0	4.399157827553902	0.0	0.0	80.03503802657588	36.660543063757224	6.4152885820000165	0.0	0.0	0.0	0.0	0.0	0.0
TACCAGCTCATAATGGACTTTAGG-1_2	555.6786832949565	1.2585874562580415	10.663850232387714	6.8628133513486045	14.475392517020488	0.0	0.0	0.0	0.0	0.0	0.0	0.0	0.0	0.0	0.0	0.0	0.0	0.0	0.0
TACCCGGTCTGTGACCACTTTAGG-1_2	588.2323912398836	0.0	0.0	3.3340621333965945	0.0	0.0	0.0	0.0	0.0	0.0	0.0	0.0	7.073847355177583	4.704707419032793	0.0	0.0	0.0	0.0	0.0
TACCTGCAGACAGACTACTTTAGG-1_2	0.0	0.0	33.631313703579515	1.8422268995158777	0.0	0.0	411.22431900183597	5.458597369381983	0.0	0.0	15.936083906993119	0.0	0.0	0.0	51.84621106899637	0.0	0.0	0.0	0.0
TACCTTTGTTAACCACACTTTAGG-1_2	92.37914539794023	78.66738388854594	0.0	20.704590341270848	40.23898038734695	0.0	0.0	4.392607078564	27.00433631216173	0.0	0.0	0.0	0.0	0.0	0.0	0.0	0.0	0.0	0.0
TACTCACCATCACGAAACTTTAGG-1_2	445.9750051388575	10.027623918996062	0.0	15.799327528801053	9.137515237296705	22.84588826768285	0.0	0.0	0.0	0.0	0.0	0.0	0.0	3.658343100226689	0.0	0.0	0.0	0.0	14.556193240835993
TAGTCTCCAAGCGATCACTTTAGG-1_2	0.8258443568134854	0.0	34.33563893274959	9.341823769752065	0.0	0.0	0.0	20.18565257169688	0.0	414.99364124733944	0.0	0.0	0.0	3.6311039840110944	0.0	0.0	2.016444794415326	0.0	0.0
TAGTTGTTCCGGATAGACTTTAGG-1_2	0.0	0.0	535.9432083165732	0.0	200.1061968743799	0.0	0.0	0.0	0.0	0.0	0.0	0.0	0.0	0.0	0.0	0.0	0.0	0.0	0.0
TATACCTAGAAACCCGACTTTAGG-1_2	199.51953422482782	0.0	29.520312558171643	0.0	0.0	0.0	272.47627028032326	9.460785061794603	0.0	25.695158584461844	0.0	0.0	0.0	0.0	38.98784720567786	0.0	2.3163466921440636	0.0	0.0
TATATCCAGGCTTAAAACTTTAGG-1_2	129.66703561264015	17.526618359557144	52.117980325026714	0.0	0.0	0.0	0.0	8.019561177435445	100.92342924843783	0.0	0.0	33.91728693197214	0.0	0.0	0.0	0.0	0.0	0.0	0.0
TATCGCTCACCACAAAACTTTAGG-1_2	0.0	111.15343120780923	0.0	2.0588625992968455	37.32624766389588	0.0	142.7480677600355	36.25785998426543	48.89694315731414	0.0	0.0	0.0	0.0	0.0	0.0	0.0	0.0	0.0	0.0
TATGACTTCATCCAGCACTTTAGG-1_2	171.15809658956329	48.15925134493149	26.06631871001516	22.242790201228754	0.0	0.0	0.0	7.324477914004704	0.0	24.610490054115914	0.0	0.0	0.0	0.0	0.0	6.023696404821615	0.0	0.0	0.0
TATGTCCCATGAGCTAACTTTAGG-1_2	0.0	0.0	16.383576374628742	614.6673684290279	0.0	32.23133517173718	0.0	43.63735779592356	0.0	0.0	0.0	0.0	0.0	0.0	0.0	0.0	0.0	0.0	0.0
TATTGCCCAAGTTGCAACTTTAGG-1_2	73.51935035087757	55.43003585941622	0.0	3.5138745232448625	64.89240480216084	0.0	0.0	5.640846514094157	165.75958651888638	0.0	0.0	0.0	0.0	0.0	0.0	0.0	0.0	0.0	16.172380085389893
TCAACTAGTGCATCGCACTTTAGG-1_2	72.77898491801986	33.06603344668495	0.0	95.11208942667407	41.041562723908015	35.800939448840325	0.0	2.7799716663847938	0.0	0.0	0.0	0.0	0.0	0.0	0.0	0.0	0.0	0.0	0.0
TCAATGGCATTTGCTAACTTTAGG-1_2	57.54939980124909	38.72349410895567	16.496554936198596	45.82194818573103	0.02947868785424055	40.3547947200022	0.0	13.11902082117318	0.0	0.0	0.0	0.0	16.812015479953303	0.0	0.0	0.0	0.0	0.0	0.1742439157254813
TCACTCGCACCTACTGACTTTAGG-1_2	86.86882830874063	60.80418103470635	37.78817751036377	0.0	0.0	18.116235872030433	0.0	6.7370233604924445	0.0	0.0	6.252056018479611	0.0	0.0	10.06317848442563	0.0	0.0	0.0	0.0	0.0
TCATGAAAGCTCAAGGACTTTAGG-1_2	48.46046729110204	34.25089852720136	28.69608018065476	179.39330814563948	0.0	0.0	0.0	10.156899973108938	0.0	0.0	35.60427811775089	0.0	0.0	57.89322448063781	0.0	0.0	0.0	0.0	14.685759229943303
TCCAAGTGTAATGCGAACTTTAGG-1_2	0.0	0.0	908.3856941008196	0.0	0.0	0.0	0.0	17.610345387428055	0.0	0.0	0.0	0.0	0.0	0.0	0.0	0.0	0.0	0.0	0.0
TCCATTACATAAGCTGACTTTAGG-1_2	50.99365108702825	58.747628277073545	0.0	146.87726971547553	19.248827054281495	0.0	0.0	38.12282399796525	0.0	0.0	67.65051989197885	0.0	0.0	0.0	0.0	0.0	0.0	0.0	5.979235086090865
TCCTTCTAGTTGACGGACTTTAGG-1_2	43.614982367701764	49.58326422414156	0.0	111.7320580040522	62.15784678615145	0.0	0.0	5.120565552874994	0.0	45.34653223397922	0.0	0.0	0.0	0.0	0.0	39.731032728945905	0.0	0.0	0.0
TCGCGCTCATAATGACACTTTAGG-1_2	171.60665654184126	52.05733556171549	62.74657546090383	0.0	0.0	0.0	0.0	31.73334268555597	0.0	110.85920075933686	0.0	6.367651122143888	0.0	0.0	0.0	0.0	0.0	0.0	10.031647582797232
TCTAACAGTTTCAGGTACTTTAGG-1_2	137.6795267579673	74.21488980436719	0.0	0.0	40.02976456858034	54.64824551705195	0.0	12.17560082281813	0.0	0.0	0.0	0.0	0.0	0.0	0.0	12.019617328923928	0.0	0.0	0.0
TCTCGCCTCCTTTGGAACTTTAGG-1_2	93.7315707988016	72.42461052786543	40.7790824138798	11.200349966868467	0.0	9.459360866437468	0.0	7.344007771959593	0.0	0.0	24.337047804532034	0.0	0.0	1.804364083419311	0.0	0.0	19.379194008487904	0.0	0.0
TGAACCTGTGTTAGCTACTTTAGG-1_2	130.04081424627057	38.28084572589611	50.40616138544394	0.0	0.0	0.0	0.0	16.98378885350705	0.0	0.0	46.35551979367604	21.164570602618152	0.0	0.0	0.0	0.0	0.0	0.0	0.0
TGAAGGAAGGTTATGAACTTTAGG-1_2	52.665342623576024	33.43432457506622	0.0	203.80898030189306	26.863365342600364	0.0	0.0	29.12307376604038	0.0	58.96726491781621	0.0	0.0	0.0	0.0	0.0	0.0	0.0	10.584917062297675	0.0
TGATTTGGTATTGCGTACTTTAGG-1_2	409.7344228766769	59.712889564394786	27.450414668678654	0.0	0.0	0.0	0.0	1.2409210649963656	20.446279170814936	0.0	0.0	0.0	0.0	0.0	0.0	0.0	0.0	0.0	22.436503581799574
TGATTTGGTTTGTCCCACTTTAGG-1_2	159.10873013822396	77.2556436999532	39.59950629404323	0.0	0.0	0.0	0.0	0.0	0.0	46.450834363028314	0.0	0.0	20.001259352204762	0.0	0.0	0.0	0.0	0.0	0.0
TGCCGGTGTACGTAAGACTTTAGG-1_2	0.0	0.0	5.247387918208939	908.7500638868371	0.0	0.0	0.0	0.0	0.0	0.0	0.0	0.0	0.0	9.205257373898768	0.0	0.0	0.0	0.0	0.0
TGCGCTAGTAAACCCTACTTTAGG-1_2	74.6626646619816	84.57663399604473	39.8088275450564	0.0	0.0	0.0	36.33632086927848	14.125403535884617	0.0	32.471553598859515	0.0	0.0	18.80215416025928	0.0	0.0	0.0	0.0	0.0	0.0
TGCGCTAGTAACTACCACTTTAGG-1_2	0.0	61.438400887781974	21.997179654990916	0.0	0.0	21.05713300276968	118.42933912173132	9.487545279782177	0.0	0.0	15.959911859993499	0.0	0.0	0.0	0.0	0.0	0.0	0.0	0.0
TGCGCTTAGGTCTTGCACTTTAGG-1_2	122.69528119646277	77.75151576528236	44.58438973917137	13.974040006835338	0.0	71.55955198049001	0.0	0.0	0.0	0.0	4.769699377898866	0.0	0.0	0.0	0.0	0.8859969593585674	0.0	0.0	0.0
TGCGGAATCCTAAGTTACTTTAGG-1_2	24.156569793693325	12.896711199926298	0.0	22.66574721942397	620.3326894502491	0.0	0.0	0.0	5.520397561139267	0.0	0.0	0.0	0.0	0.0	0.0	0.0	0.0	0.0	0.0
TGCTTAAGTTCGAATCACTTTAGG-1_2	99.61541848147428	53.98674290694949	27.04187140986063	16.35302666375738	0.0	0.0	0.0	20.148926175912294	0.0	106.0935261011723	0.0	0.0	0.0	0.0	0.0	0.0	0.0	0.0	0.0
TGGAAACTCGAAGTTAACTTTAGG-1_2	106.60718425532835	55.78932238080311	15.259967471679532	0.0	0.0	0.2915978859164903	0.0	32.57226617586982	0.0	0.0	58.188957789330516	11.131154659017332	0.0	0.0	0.0	0.0	0.0	0.0	0.0
TGGATCGAGCAAAGCTACTTTAGG-1_2	51.415392771426106	38.93935786209364	0.0	67.03739013813667	51.01201901369897	0.0	0.0	0.47437731116289567	2.477010576089593	0.0	27.31317296203538	0.0	0.0	0.0	0.0	0.0	52.89002885244921	0.0	0.0
TGGCGTGCATATAGGTACTTTAGG-1_2	76.38101956800091	68.67647933472433	47.47385453422	17.389677230183977	0.0	0.0	0.0	35.595798171211904	59.94796611135709	0.0	0.0	0.0	36.91019540773875	0.0	0.0	0.0	0.0	0.0	8.676819736248364
TGGGTTTGTAGGTTTCACTTTAGG-1_2	573.5812894056061	0.0	39.898259770409524	5.454469437281425	0.0	0.0	0.0	0.0	10.524251968665194	0.0	0.0	0.0	0.0	0.36615805538680885	0.0	0.0	0.0	0.0	0.0
TGGTCAACAAGTTGCAACTTTAGG-1_2	101.64220716402679	45.19164426187014	0.0	22.595099393126155	56.25931047289838	55.11182595722089	0.0	3.1738649770643157	0.0	0.0	0.0	0.0	0.0	39.61652744073343	0.0	0.0	9.516313632185936	0.0	0.0
TGGTTAAAGTAGCGCAACTTTAGG-1_2	0.0	77.66360674049469	0.0	0.0	0.0	0.0	482.619646717999	5.425185515316352	0.0	0.0	0.0	0.0	0.0	0.0	0.0	0.0	0.0	0.0	0.0
TGTGCTGGTACTAACCACTTTAGG-1_2	43.59056902547564	22.88120891437353	0.0	188.22935626617448	52.55399104212337	0.0	0.0	25.598880836446604	0.0	0.0	76.59042123197541	0.0	0.0	0.0	0.0	17.251518495008384	0.0	0.0	31.35642267835103
TGTTAGTTCAGGCTGAACTTTAGG-1_2	158.61777472104907	59.130964795355574	60.153819939673106	0.0	0.0	0.0	0.0	3.1201217905041085	74.92830285880301	0.0	0.0	11.400219059893065	9.997765490933471	0.0	0.0	0.0	0.0	0.0	0.0
TGTTCCTTCGTCCCGAACTTTAGG-1_2	720.2480884352912	0.0	0.0	0.0	0.0	0.3092362084164782	0.0	12.0676382243587	0.0	0.0	0.0	0.0	0.0	0.0	0.0	0.0	0.0	0.0	0.0
TGTTCTTGTTATGTGCACTTTAGG-1_2	128.54848378185335	26.651109503218333	0.0	8.485245768157057	29.23546729953746	5.0472232705340545	0.0	0.18410657184758705	0.0	24.055439228099434	0.0	0.0	0.0	0.0	0.0	0.0	12.844851632243376	38.017013812752076	0.0
TTAGAGCAGAATGGGAACTTTAGG-1_2	145.51944193434596	69.11464715305918	70.17425003938648	0.0	0.0	0.0	0.0	9.910699220485071	20.619956563974476	46.63214512874958	0.0	0.0	0.0	0.0	0.0	0.0	0.0	0.0	3.2693870779523864
TTAGCGGAGGTGAATCACTTTAGG-1_2	0.0	0.0	0.0	0.0	0.0	1074.3451625363823	0.0	0.0	135.60393511415452	0.0	0.0	0.0	0.0	0.0	0.0	0.0	0.0	0.0	0.0
TTAGGTGCAAGCCTAAACTTTAGG-1_2	75.16656380937802	111.50858404571328	0.0	4.458287207690585	36.87761359032143	0.0	0.0	11.00752794756334	0.0	0.0	28.47927123042334	0.0	0.0	0.0	0.0	0.0	0.0	0.0	11.434219995556695
TTAGGTGCATAAGTCGACTTTAGG-1_2	84.32277989013323	64.08415004067051	0.0	9.063559048978172	45.847727460005714	0.0	0.0	13.607332042209793	40.705962529863015	0.0	0.0	0.0	0.0	30.573014866725238	0.0	0.0	0.0	0.0	0.0
TTAGTTGGTATTACCAACTTTAGG-1_2	109.14209168898495	50.823138965113195	53.81187658467729	10.26502225040817	0.0	0.0	0.0	4.133285531229667	32.73359854884066	0.0	0.0	0.0	0.0	0.0	0.0	0.0	0.0	0.0	0.0
TTCAACTAGTCACCTAACTTTAGG-1_2	665.3191535734904	0.0	0.0	0.0	0.0	0.0	0.0	0.0	0.0	0.0	0.0	0.0	0.0	0.0	0.0	0.0	0.0	0.0	3.4092496567710837
TTCCTCCCACTTCGATACTTTAGG-1_2	57.6335221287923	90.37346367429411	30.42430264082469	0.0	0.0	0.0	0.0	18.185883860423097	0.0	0.0	15.933223371743571	84.27254751058044	112.94295335421923	0.0	0.0	0.0	0.0	0.0	0.0
TTCGATTAGCAGGCTAACTTTAGG-1_2	357.13040964180215	0.9468727944107352	31.366120156740948	0.0	0.0	0.0	0.0	28.650865850497308	21.627010690233206	0.0	0.0	0.0	0.0	0.0	0.0	0.0	0.0	0.0	8.173004171090183
TTGAACAAGTTTGAGAACTTTAGG-1_2	88.09408130133099	36.53138819917583	0.0	110.3801326030738	16.367387318242727	5.789741412395925	0.0	9.227129419335919	0.0	0.0	28.93040058697265	0.0	0.0	0.0	0.0	0.0	0.0	0.0	0.0
TTGACATTCACAAACAACTTTAGG-1_2	82.32352299410285	57.93646988306242	37.76134570736214	12.43473035279404	0.0	22.950581086038003	0.0	0.0	0.0	0.0	15.25070945441117	0.0	0.0	0.0	0.0	6.436073661000416	0.0	0.0	0.0
TTGAGGAGTCACACCAACTTTAGG-1_2	97.35855195829812	108.80333765728693	0.0	5.142085489128127	37.437863745541975	0.0	9.199794923287843	9.623362522051718	28.542899440744268	0.0	0.0	0.0	3.358269895146653	0.0	0.0	0.0	0.0	0.0	0.0
TTGAGGAGTTGCGGCTACTTTAGG-1_2	132.42131753509443	125.74200908062696	48.196198993599054	5.485757007564959	0.0	0.0	0.0	0.0	58.251661577125745	0.0	0.0	3.4583562380015236	0.0	0.0	0.0	0.0	0.0	0.0	6.899911511918807
TTGTTGTAGTGAATCAACTTTAGG-1_2	49.79853790351223	102.58734079595557	0.0	115.06226695400295	42.441898096161424	0.0	0.0	12.919997223232917	0.0	0.0	29.60529505845823	0.0	0.0	0.0	0.0	0.0	0.0	0.0	30.58755744170789
TTTAGTCAGTTACAGAACTTTAGG-1_2	111.11991098398472	25.038333154166743	63.88849060362193	0.0	0.0	0.0	0.0	4.120287747914884	53.26151327583362	0.0	0.0	0.0	27.827590486467102	0.0	0.0	0.0	0.0	0.0	0.0
TTTCACCTCCTAAATCACTTTAGG-1_2	117.60941616873053	59.76967073732406	0.0	0.0	32.77656900882185	0.0	0.0	0.0	0.0	59.84626479349632	0.0	0.0	0.0	0.0	0.0	0.0	0.0	7.949078896088084	0.0
TTTCACCTCGTTGCACACTTTAGG-1_2	86.29431245411998	55.68348884481518	21.889139480839102	7.3306971679326525	19.682447189294546	32.45011071837432	0.0	19.867201697904882	0.0	0.0	0.0	0.0	0.0	20.05122521547388	0.0	0.0	0.0	7.8502885854016995	0.0
