	1	2	3	4	5	6	7	8	9	10	11	12	13	14	15
AAAGCGAAGCGATAACACTTTAGG-1_2	49.977059918612255	151.01882292562848	92.05245148205314	0.0	54.38172521507104	37.12451112076956	12.20490200445928	22.530328115832578	53.28015495269865	1.6081890639856693	0.0	0.0	1.5670538024181735	0.0	0.0
AAAGGTACAGCCCTTAACTTTAGG-1_2	19.801636808060767	279.6724238325333	52.46672802712982	27.77196723819434	1.0413316621594726	8.065244692904622	14.316973601494412	6.782201632862064	46.496340799228584	6.107953087347553	0.0	21.017818876887283	0.0	0.0	0.0
AAATCACCAATCATCCACTTTAGG-1_2	43.60686064132792	213.82969993061909	0.0	36.36083836533238	33.575088540715605	21.185167013867712	50.9044456387217	14.444873537108347	0.0	0.0	36.08485626019991	9.937920296306453	0.0	0.0	0.0
AAATGAGCATTTGTTGACTTTAGG-1_2	3.1243631894043364	0.0	0.0	0.0	11.460062678486914	13.568741565652472	720.0892681837903	0.0	5.64172013149338	4.818544864376947	0.0	4.403587943932324	0.0	0.0	19.000351624683006
AACCAACAGGACACGCACTTTAGG-1_2	367.6431730510771	5.960087207417478	0.0	65.58950086039425	23.41801700918243	45.73884266926004	34.06646542977714	0.0	0.0	17.926858291347877	15.86262445025336	5.2520367404016	0.0	10.724963560724008	0.0
AACCTCATCGAACCTCACTTTAGG-1_2	435.9904941559012	89.78904876031095	0.0	0.0	11.893558579307768	0.0	14.091183415523108	0.0	11.029787634991614	12.060291321877513	0.0	0.9442271621009648	0.0	0.0	0.0
AACTGAGGTGCTCCAAACTTTAGG-1_2	91.38943766996586	30.907127178846036	0.0	108.64981344643353	43.820433215533015	48.418075257363256	8.890562785740476	13.55797651859837	0.0	33.646249974446945	42.089252676156974	3.6996422321369065	0.0	0.0	0.0
AAGACAACAAATAGGAACTTTAGG-1_2	48.635117613831035	401.7217566278283	0.0	32.508847573938816	0.0	9.607622784757444	18.42280660809973	0.0	47.27094933627828	18.128070150112	0.0	10.508587691787168	0.0	0.0	5.157817476451219
AAGCCTCTCAATTGGAACTTTAGG-1_2	317.0555718704222	41.123920154124264	0.0	159.9170299565525	12.2599260690516	8.069560334953566	2.748257892059533	0.0	0.0	0.0	20.44226737387327	0.0	0.0	0.0	4.597676369024646
AAGCCTGAGTTAGTTCACTTTAGG-1_2	0.0	0.0	23.71977314942327	0.0	0.0	955.6401899948414	9.699428982156185	0.0	0.0	0.0	0.0	0.0	0.0	0.0	0.0
AAGCGGCTCTAATCACACTTTAGG-1_2	49.41995553236688	0.0	332.99542661707477	165.00556432261482	17.108286457001107	0.0	19.3907217597484	0.0	10.907392652642708	16.758904205240057	0.0	32.394247940809635	0.0	28.051695584873404	0.0
AAGGGAGGTGGTTACTACTTTAGG-1_2	0.0	0.0	0.0	0.0	0.0	0.0	163.45737482090226	201.17279750325855	0.0	533.3827379357048	0.0	2.180268811332636	124.59130968523095	15.768870264798299	0.0
AAGGGAGGTTGTTCCCACTTTAGG-1_2	0.0	132.3331231824628	34.42086749240311	0.0	356.1112556880714	23.383564799791635	0.0	0.0	8.114548236212629	0.0	0.0	0.0	0.0	0.0	0.0
AAGGTTGGTATGGTCTACTTTAGG-1_2	0.0	565.6376275252512	10.224533163456	1.6042202081886703	0.0	33.63817259522344	3.2209439592072227	0.0	56.90158224437339	2.2727149185183917	0.0	7.010921340863374	0.0	0.0	0.0
AATACTGAGGTCAAGTACTTTAGG-1_2	88.81566013390083	207.9406348624584	0.0	52.91147412602727	27.891080459018536	4.548273389653069	1.5335437798749734	10.155508860409771	31.10479318967805	0.0	0.0	10.580591897617728	0.0	0.0	0.0
AATCACGCATCCTTGGACTTTAGG-1_2	0.0	0.0	799.2328304336421	0.0	0.0	0.0	5.989820101585627	0.0	0.0	0.0	0.0	0.0	0.0	0.0	0.0
AATCACGCATTTGGCTACTTTAGG-1_2	12.96836815014433	50.71673217406246	63.442836906104006	0.0	34.077978619421174	507.609937027199	18.836286512550473	0.0	0.0	47.17199410287162	0.0	0.0	0.0	0.0	0.0
AATCGCGAGGTTGCAGACTTTAGG-1_2	7.640609978732685	0.9260012627541864	48.52684865514436	401.114975100815	0.5841163832447405	0.0	14.754718146753639	0.0	0.0	4.357390746563668	8.07286321721584	6.583920693749186	0.0	0.0	3.0742185784704725
ACAGCGGGTTGCGCTAACTTTAGG-1_2	488.4995137537632	0.0	0.0	47.26132453397983	26.31789173330795	40.456703590826216	3.019198976308378	0.0	0.0	15.189797875747386	22.822490093310684	8.957583289713849	0.9673845120570803	0.0	0.0
ACATACTTCTGGAAACACTTTAGG-1_2	630.0052057473065	0.0	0.0	0.0	8.723348079879772	0.0	0.0	0.0	1.8411185835938455	0.0	0.0	0.0	0.0	4.15818415868685	0.0
ACCAATCGTTCACTCCACTTTAGG-1_2	21.116642414820596	399.65562501292607	27.009018191369208	31.98329814085061	41.03260699099623	46.748250999427405	33.705389650453455	14.735163791975646	30.67755451670385	0.0	0.0	6.801667335499298	0.0	11.399993202307522	0.0
ACCACGTTCGGGACTAACTTTAGG-1_2	566.766006001534	16.896909132965078	15.729949817066617	0.0	13.239855912996461	0.5543841816928222	9.49158523389815	0.0	3.8747583426211434	0.0	0.0	6.919649989589899	0.0	0.0	0.0
ACCGGCTGTTTCCTCAACTTTAGG-1_2	33.6382642874064	134.09912860654597	28.92742880157035	124.79764396799948	64.53552780967506	11.140694683688366	0.0	0.0	34.20067720763372	0.0	0.0	11.867191861635957	0.0	17.52141479968077	0.0
ACCTCTAAGGTAGTTAACTTTAGG-1_2	371.107298018067	0.0	0.0	64.32159085896589	16.37061964259233	21.976895676596644	8.926808358166642	0.0	0.0	0.0	22.50910017750907	9.33535291584936	0.0	23.58121348354391	11.707139167951727
ACGGTAAGTCAAAGGCACTTTAGG-1_2	514.65756576338	0.0	0.0	0.0	0.0	0.0	0.0	0.0	34.20060332732992	0.0	0.0	0.0	0.0	0.0	8.050168187372185
ACTAATGAGGAAACTCACTTTAGG-1_2	9.292912906233173	207.3151553882165	53.56632139363883	0.0	12.580675229990351	54.12893248230955	5.061566504978188	8.019713757603446	0.0	23.91247485263125	32.08271080838074	15.473343027541723	0.0	0.0	0.0
ACTACAAAGGATTATGACTTTAGG-1_2	36.07412849378407	0.0	378.3418596290626	202.946815077896	2.778693632009195	5.821397543573987	0.0	0.0	0.0	0.0	25.228578457297676	45.88131935773318	0.0	0.0	0.0
ACTACTAGTTTGAGCTACTTTAGG-1_2	53.19457338682135	48.30432575487505	19.6432266615042	0.0	343.82728930615855	0.0	0.0	8.634079935270089	0.0	0.0	14.4553413494686	2.4801473283619653	0.0	3.3474257708834254	0.0
AGAAGCAAGTCGTTCAACTTTAGG-1_2	45.07033123505158	629.9991012978338	0.0	0.0	0.0	0.0	0.0	3.3304944149043685	6.985410044996939	0.0	6.183320085834183	0.0	0.0	0.0	3.9669320404369612
AGAAGGTCAGGCTATAACTTTAGG-1_2	59.25858687910481	369.2219526468536	0.0	76.11846111622413	0.0	30.668122396167558	0.0	37.27769653196533	10.872891874420105	0.0	68.80557925819306	0.06596871244871264	1.7700834767524678	0.0	0.0
AGACACTAGCTAGATAACTTTAGG-1_2	926.8629574903055	4.828067177892014	0.0	0.0	0.0	0.0	0.0	0.0	0.0	0.0	0.0	0.0	0.0	0.0	0.0
AGATTAGTCAACCTCAACTTTAGG-1_2	418.6271066194404	0.0	0.0	0.0	9.18397192011267	49.781668464872695	103.5152422013154	78.1652880088046	10.650753340730244	0.0	0.0	46.778210296000395	25.341636273028673	0.0	16.79099303488032
AGCATCCTCATGGAACACTTTAGG-1_2	623.1257416265073	0.0	0.0	0.0	0.0	0.0	0.0	0.0	0.0	0.0	7.175056740658086	0.0	0.0	0.0	0.0
AGCCATTGTAATCCTAACTTTAGG-1_2	18.528411123306867	382.2190360359347	70.485518425202	0.0	4.396003004758481	3.075626997999571	0.0	0.0	15.64095596968608	0.0	6.743244220405444	7.080950708191231	0.0	0.0	0.0
AGCTAAATCGGGACTAACTTTAGG-1_2	0.0	27.834726729344	577.5160464050533	0.0	8.530283536525175	0.0	0.0	6.487210780903925	0.8373896535587805	0.0	0.0	7.061741193868364	0.0	0.0	0.7697680405649305
AGCTACCTCCGGATAGACTTTAGG-1_2	573.3720733501154	0.0	0.0	28.095611415851163	0.0	0.0	0.0	0.0	0.0	0.0	22.132357503037476	7.442287529620892	5.674467073102336	0.0	0.0
AGCTATGCAAATACCGACTTTAGG-1_2	499.02727511930857	9.16468080932037	0.0	30.703144174596414	7.621544563358872	5.891658470979639	2.487118153196838	0.0	3.5252104783153815	4.554372080364624	0.0	6.192573989455193	7.55192584490531	15.015507774810619	0.0
AGCTGGCAGGTGAATCACTTTAGG-1_2	502.7868086671107	22.789086134601153	0.0	34.07904989693116	28.238050358676386	8.75515386388086	18.079768749227696	0.0	0.0	3.1275596142304174	32.968083121328064	5.88923978691035	0.0	7.427042248507582	0.0
AGGGACCTCAGTTAGAACTTTAGG-1_2	17.579083250444246	0.0	672.0014462837541	0.0	14.338992614712593	6.217952854332619	17.21444978290395	0.0	9.825314144057414	0.0	0.0	3.175152797456078	0.0	0.0	15.060740850388793
AGGGTGGAGGCCTTCGACTTTAGG-1_2	439.27801142452284	38.13753918117574	38.11460386817869	0.0	13.88490660701952	35.4146279189464	14.184827931021088	0.0	0.0	0.0	0.0	0.0	0.0	3.9318609590837212	7.19224674250568
AGTAAACGTGACACAAACTTTAGG-1_2	49.658696263706005	483.7568189839136	0.0	46.26095125016763	15.956711224055434	10.686132510037982	14.80513737622391	0.0	0.0	0.0	26.711755375393107	0.0	0.0	0.0	0.0
AGTAGGCGTACAAACGACTTTAGG-1_2	34.02713866489121	242.95980929710214	0.0	68.25969016944792	30.737630387769084	68.87720798184995	20.35237164800951	15.967937748586785	0.0	4.445877669185582	36.462902153810504	0.0	7.782055844625465	0.0	0.0
AGTGACCCAGAATCGCACTTTAGG-1_2	50.96842693641945	0.37584024924910014	0.0	409.32165121490476	105.05138075065297	0.0	0.0	0.0	0.0	0.9810297626550329	28.231767089381677	71.94333953582164	0.0	20.40843809261477	0.0
ATAACCAAGGTGAGCCACTTTAGG-1_2	0.0	503.116486621071	74.07252304141196	0.0	0.0	4.547006399301868	4.344239329426456	0.0	0.0	13.436530292583512	0.0	2.9796543271431073	0.0	0.0	0.0
ATAAGCCAGAGCAACTACTTTAGG-1_2	4.795729723728141	0.0	662.0843137887179	0.0	0.0	0.0	0.0	2.6575365581202925	47.0071979267416	0.0	0.0	0.0	0.0	0.0	17.02195915319729
ATAGAAGCAGTGAGGAACTTTAGG-1_2	378.9110993586666	4.278219118109111	8.082365464208053	64.26399117539427	31.406706938584275	59.2679098633649	6.709287185724979	13.145319888094	0.0	12.628189403119357	26.119028703758822	39.115503390254304	0.0	0.0	0.37652609765681716
ATATAGCCATGGGTTAACTTTAGG-1_2	9.053964445125372	0.0	657.6127131879248	0.0	0.3335056363871404	6.41811866210917	0.0	2.5412668132082072	0.0	0.0	0.0	0.0	0.0	0.0	0.0
ATATCGAAGGGTTTGGACTTTAGG-1_2	0.0	46.71341090306684	0.0	8.709703944936736	48.38951349792915	663.5471273846038	3.43343374671541	0.0	0.0	10.120132345902457	0.0	7.195490601547059	2.6049233642664613	0.0	0.0
ATCAGGTAGAAACTCAACTTTAGG-1_2	0.0	0.0	525.6330731341752	0.0	0.0	37.194526132817444	0.0	0.0	0.0	0.0	0.0	0.0	0.0	0.0	0.0
ATCGCGCGTTTACCGGACTTTAGG-1_2	10.565091096067869	0.0	0.0	0.0	737.4386514850288	17.288376154920865	0.0	0.0	0.0	0.0	0.0	0.0	0.0	0.0	0.0
ATCGCTCAGGAACCATACTTTAGG-1_2	204.5256412045199	0.0	0.0	12.58574539517765	10.33900929049403	46.20525583403598	13.705570190317268	107.36472918160234	0.0	10.603900062689695	5.913849447705117	0.0	0.01111300988671507	302.25837115189796	0.0
ATCGGGCAGGACAACTACTTTAGG-1_2	0.0	0.0	0.0	0.0	0.0	0.0	0.0	0.0	0.0	0.0	0.0	902.198448703117	0.0	0.0	0.0
ATGAAAGCATTTGTTGACTTTAGG-1_2	612.0669670487592	0.0	0.0	7.5581887313193	1.695441744449092	0.406778635553998	3.3769550194779643	0.0	0.0	0.0	0.0	4.50383906209618	12.79814266685549	0.0	0.0
ATGAGGAAGTCTGTGCACTTTAGG-1_2	102.1753417952915	117.83864702086728	0.0	130.51529993053234	10.787776527330884	19.685571706176518	7.7895117956819595	0.0	8.452506105280879	35.35495985685293	36.17868773242299	36.588353403389654	0.0	23.916269891372487	6.651266462029573
ATGGCCTTCCAAAGGTACTTTAGG-1_2	52.58635800506864	134.6813713212952	0.0	172.85286490749294	19.28122113540803	54.49629591543363	25.803830287970893	0.0	0.0	10.748814742054497	20.5467902327356	6.583228214159952	14.68825695526397	10.128003613744097	0.0
ATGTGGGTCCGCCTCTACTTTAGG-1_2	0.0	1013.1928742070932	0.0	0.0	0.0	0.0	4.478440173275715	0.0	0.0	0.0	0.0	0.0	0.0	7.212089327733184	0.0
ATTATGGAGTGTTTGTACTTTAGG-1_2	486.3460574067229	21.583834382569716	13.113153647607444	0.0	0.0	25.26561228431002	12.496228137998157	0.0	0.0	0.0	2.515719412459932	4.155905803488753	0.0	0.0	0.0
ATTCGATTCTAAATCCACTTTAGG-1_2	57.227954147389426	12.29108668035865	35.944352731156165	0.0	9.25005913051181	688.533205168223	0.0	0.0	0.0	0.0	0.0	0.0	0.0	0.16285852757519564	0.0
ATTGATGAGCAGGCTAACTTTAGG-1_2	0.0	40.89593349560614	0.0	72.4501651035616	26.088709319779806	43.0524838520116	68.48143454161429	90.97068393102097	0.0	40.06244369782343	29.004734637431557	15.005990055063176	0.0	0.0	0.0
ATTTAGGAGGAAGCCCACTTTAGG-1_2	567.3033002550478	27.635749957691242	0.0	0.0	0.0	0.0	0.0	0.0	0.6893396191419803	0.0	2.1687497428795734	10.587796687919717	0.0	6.667513115319417	0.0
CAAGCGATCTAATCACACTTTAGG-1_2	37.8605676741333	225.35564654959282	0.0	79.88055353521851	34.5812048371238	18.9132233500378	39.27084829606026	9.731161489480964	23.428762042152133	0.0	0.0	29.214324838501433	0.0	0.0	15.418187471749333
CAATACTTCTATGCATACTTTAGG-1_2	54.48434006725112	200.29561381194162	31.965682454857042	0.0	27.059206935432403	49.02600694621583	1.4817617768698683	0.0	55.77493243503841	55.9329115866262	0.0	13.662144307508106	0.0	5.728179005548676	2.5056202411372794
CACAAGCCAGGCAACTACTTTAGG-1_2	928.7795209733681	0.0	0.0	0.0	0.0	0.0	0.0	0.0	0.0	0.0	0.0	0.0	0.0	0.0	0.0
CACGTTATCCCAGACTACTTTAGG-1_2	0.0	3.8841744480975593	348.62666427231767	499.63522497245896	0.0	0.0	0.0	4.08245171937067	0.0	0.0	9.934505482450286	0.0	0.0	0.0	0.0
CAGCTGGCAGTTATGGACTTTAGG-1_2	42.08688312635495	246.23410998081508	0.0	71.93405923089092	25.359351833298188	9.213127538419176	40.7725233070256	50.310883198339454	0.0	3.057292395919453	42.072771127345995	0.0	0.0	0.0	0.0
CAGGGCAGTCAATCGTACTTTAGG-1_2	42.65107873906148	98.8709761608744	0.0	21.430679182367466	23.68461391592532	40.502770520890046	23.308214420110886	17.36915441429049	254.86781623257735	11.84340232788689	63.36312705181142	7.210689807899671	0.0	0.0	0.0
CAGGTTCTCGCTCAGTACTTTAGG-1_2	46.74390651680871	192.2465169523095	54.22279752971717	0.0	16.545324078328697	10.163609142517025	23.21783725698311	27.982753246838715	58.66804227618333	3.118130925141066	0.0	6.860998991082118	18.989871999297414	0.0	0.0
CAGTATTTCCTGGAAGACTTTAGG-1_2	36.55967549333901	24.08546306385693	327.2163988988437	57.513392892307415	31.388620240778398	9.803630560879594	44.984257476700506	0.0	25.60403268152878	0.0	0.0	22.75620192163769	0.0	5.116998437263854	0.0
CAGTGTGAGGTGAGAAACTTTAGG-1_2	504.063169995633	34.06312749860385	0.0	0.0	0.0	66.25507259336455	0.0	0.0	6.520887186690197	6.860146311361579	0.0	0.0	0.0	0.0	0.0
CATCCTTTCACCTAATACTTTAGG-1_2	51.414701794755715	205.57273008117585	196.93154201332226	0.0	12.723658693658956	15.658244699357512	0.0	8.18798672017727	47.59896690642928	0.8733969440678729	0.0	8.104005986272993	0.0	0.0	0.0
CATTAGCGTATTTCGAACTTTAGG-1_2	48.040464393664074	652.2741151963521	0.0	0.0	0.0	0.0	0.0	0.0	20.281404707631047	0.0	0.0	0.0	0.0	0.0	0.0
CCAAGACCACTTCGATACTTTAGG-1_2	902.1481069774793	0.0	0.0	0.0	0.0	0.0	0.0	12.946430958418	0.0	14.331617180289953	0.0	0.0	0.0	0.0	4.030608732500842
CCAAGTGAGCCATAAAACTTTAGG-1_2	117.71767400679623	30.50755375237935	13.841490218341333	67.331141448027	3.1827602220474174	37.157188029179885	49.717867230108126	0.0	13.404338163478366	1.1857443193593946	1.3727616719530884	14.489732574726048	46.859870331725986	127.57302847731948	0.0
CCACATTCAGTAATACACTTTAGG-1_2	118.20952705059081	83.18323447517504	49.65456775985847	90.83637170997864	22.810886021478552	12.994630217108583	25.11952731373069	0.0	0.0	0.0	23.932101134093013	0.0	16.53638453877	14.410640007914305	0.0
CCACTAATCGATTCTGACTTTAGG-1_2	0.0	0.0	0.0	0.0	0.0	0.0	0.0	1274.9822831006989	0.0	0.0	0.0	0.0	0.0	45.14169670955762	0.0
CCACTAATCGGGCAACACTTTAGG-1_2	0.0	7.399502320567736	533.6672155025294	0.0	8.737388769729076	6.568378399581597	0.0	6.514349624609927	6.012308529213606	0.0	0.0	0.0	1.2446762192120664	0.0	0.0
CCAGGTTTCAACTTGTACTTTAGG-1_2	11.128131598089311	11.845873175271844	433.87700730499154	0.0	0.0	1.556844262853375	0.0	0.15681609199091995	0.0	0.0	11.232607459672415	9.500406206753375	11.791767593833772	0.0	0.0
CCATCAGGTTGCACTGACTTTAGG-1_2	9.548292425748064	121.1710831297525	0.0	26.338819836585387	312.5063526249452	8.813483836029835	0.0	7.67962467085454	0.0	9.065780577993017	30.57411470602052	5.480883216173458	3.357146516895003	22.972832457890323	0.0
CCATTCGCATTGCCTGACTTTAGG-1_2	496.57968714051026	38.316679330747014	0.0	4.111989759959719	6.1716376693006145	52.79495435031002	33.68732488740007	0.37391996548050627	0.0	14.353330448219396	4.570589305913507	6.9329650539669325	8.042232273794168	0.0	0.0
CCCACTTGTAAACCCTACTTTAGG-1_2	79.81225220650498	87.17424796991808	148.61856935791047	7.799397951793204	79.94097073080331	0.021647523082036782	5.54072752310851	0.0	43.041548211597544	3.451864308820972	0.0	14.322850510310115	0.0	17.080364304882576	0.0
CCCTGTTGTTAGCATCACTTTAGG-1_2	287.4769266530212	0.0	102.91702515007565	0.0	27.068021833267508	5.512933505621196	10.363444509066824	0.0	18.432148033328236	0.0	13.478806546890503	5.218559530469219	0.0	7.0434286933776775	10.133125136538462
CCGGTACGTTGAGTCTACTTTAGG-1_2	519.3335522089698	25.539616032567707	0.0	0.0	12.29101924281447	23.868037698781944	11.826065215435149	0.0	0.0	24.5299175414421	0.0	1.9477446868789772	16.05767154155351	0.0	0.0
CCTCAATCAACATAGTACTTTAGG-1_2	2.9824592237831475	23.808632162150772	71.43690402910183	480.7692847208217	0.0	19.41730381486821	1.5988691232479997	3.2102084171562737	0.0	2.630382166140088	2.8065518456610232	0.0	0.0	0.0	0.0
CGACTTTCAAATCACGACTTTAGG-1_2	230.0966293022515	1.9017188842663093	0.0	24.796631755450512	31.937890429043474	46.833706148678786	10.543626784137	19.93267181453305	0.0	12.999356173544012	10.786564145851965	25.260779264364857	12.60137172131923	0.0	0.0
CGATTGACACGGTAACACTTTAGG-1_2	0.0	26.87717299176182	563.3036447760812	0.0	18.685003507786522	12.494952105069732	0.0	0.0	0.0	0.0	0.0	0.0	0.0	0.0	0.0
CGCACATTCATTGCATACTTTAGG-1_2	69.43454382013928	29.91811415072398	49.023264045283135	0.0	7.971300064311817	132.40280407655507	53.43430637996569	5.293000310345733	0.0	15.434382678843193	0.0	73.80643141198145	0.0	0.0	0.0
CGCAGCACACTAGTAGACTTTAGG-1_2	839.57514700887	0.0	0.0	0.0	0.0	0.0	0.0	0.0	0.0	0.0	0.0	0.0	0.0	0.0	0.0
CGCGACACAAGCGAAGACTTTAGG-1_2	62.71697857884754	199.50713512327852	37.8371895056479	0.0	19.044578271445403	15.634293660334242	9.482149274344488	0.0	92.72785368185075	3.9763568934774174	0.0	9.040389163817723	0.0	0.0	0.0
CGCTGGACATGTGGCGACTTTAGG-1_2	100.41557460866181	192.8952170902624	15.448968651262934	131.09668641067472	23.68680388069708	5.130713911687775	37.729627585432084	0.0	0.0	0.0	70.83760152065672	6.451156440814856	0.0	24.777753819056723	0.0
CGGAACCAGTCTAACTACTTTAGG-1_2	8.512611892756805	0.0	0.0	0.0	0.0	1317.3284622535182	0.0	0.0	8.758755519483577	0.0	0.0	0.0	0.0	0.0	17.10149745685154
CGGTCAAAGGCGAGAGACTTTAGG-1_2	32.893773250142445	163.1166665519954	0.0	133.3906185640639	15.435731019329591	19.883711676213835	38.10441987570314	0.0	0.0	8.011102087763154	51.60430937681722	22.661521572715966	0.0	0.0	0.0
CGTAATCGTGGACACGACTTTAGG-1_2	37.93552818671246	88.72767660697514	0.0	55.09526768704076	69.63495381867996	38.60004855900707	10.313850460265433	0.0	0.0	59.07147528808054	0.0	10.43510111778995	28.190040641370693	0.0	0.0
CGTAATTTCCTGGAAGACTTTAGG-1_2	629.9974398376389	0.0	0.0	0.0	0.0	1.157134331763713	0.0	0.0	0.0	0.0	0.0	0.0	0.0	0.0	0.9333504813140007
CGTGTCCCATTGCATCACTTTAGG-1_2	539.8922176210577	0.0	0.0	0.0	0.0	29.954657386676317	18.256721426680944	17.972762729745654	0.0	7.770510771272515	0.0	0.0	0.0	0.0	0.0
CGTTATGTCGCCTCGAACTTTAGG-1_2	0.0	0.0	0.0	0.0	0.0	0.0	799.6251034277354	36.75379475082084	0.0	0.0	0.0	0.0	0.0	0.0	0.0
CGTTTGGGTGACCTTGACTTTAGG-1_2	77.51175755233601	0.0	422.9483077745882	0.0	11.23477250377339	0.0	1.4633428451252133	0.0	0.0	10.037072088795457	0.0	66.43256365717383	0.0	0.0	0.0
CTAAGTGCATCCGCTAACTTTAGG-1_2	0.0	8.436098541939211	730.4232967192448	0.0	0.0	0.0	3.617007513118942	0.0	0.0	0.0	0.0	0.0	0.0	0.0	1.6742657205140798
CTACCCACAAGTTAACACTTTAGG-1_2	0.0	0.0	6.835471846668774	0.0	0.0	0.0	0.0	0.0	0.0	0.0	0.0	0.0	1356.2214307179675	0.0	83.6340012644728
CTATCCGCAGCAATTGACTTTAGG-1_2	119.54288409426074	32.23974839299511	35.957461381814994	10.300989140160144	34.17008270207871	37.88290372275361	24.230305947017882	1.6056891616691291	48.87979127094439	35.79698493258267	0.0	6.2243500115243116	0.0	0.0	0.0
CTATGCTCAATGTGGCACTTTAGG-1_2	0.0	20.22107428686382	15.206647050943658	0.0	607.5711342401491	2.8061258538644664	3.377553163765642	0.0	0.501290126901361	2.5328643005125198	0.0	17.304647185454765	0.0	0.07918280397990746	1.6244172486850998
CTATTACAGCCACTCGACTTTAGG-1_2	0.0	50.178766564628994	0.0	493.472238791705	14.47163819715243	11.575147969238845	8.130352936408709	16.168749634426817	0.0	0.0	0.0	0.0	0.17907970983501031	0.0	0.8650729493739239
CTCAACATCCAAATAGACTTTAGG-1_2	42.16027068246099	174.25765819283467	80.83861626581655	0.0	21.94820059789692	70.89901657601013	0.0	11.891778762107215	72.50492912007677	3.375278694861447	0.0	0.0	3.354736197536394	0.0	0.0
CTCATTACAAGCTTTCACTTTAGG-1_2	0.0	257.0650481785627	129.31820800894005	132.63421049338663	11.736284859722295	0.0	0.0	0.0	0.0	0.0	0.0	6.753978252983526	0.0	0.0	0.0
CTCCATCGTTTGTTGAACTTTAGG-1_2	81.69660085010307	0.0	0.0	482.08178112055816	4.856727378693418	19.32887732491361	66.29889959081702	0.06267028107986372	0.0	0.0	23.638133496365793	6.179896935531312	0.0	0.0	0.0
CTGATCCAGCACGTTCACTTTAGG-1_2	561.0000989986528	30.036061545140058	0.0	5.745989839335061	25.400780072958444	23.204717670238395	0.0	0.0	0.0	0.0	25.38372922102021	12.643471567204354	0.0	0.0	0.0
CTGCAACTCAGGGATTACTTTAGG-1_2	8.610772499899932	11.989896667469473	575.7113601835107	0.0	0.0	26.11878251223089	0.0	0.0	1.8350892612236698	0.0	0.0	15.609755878946045	0.0	0.0	0.0
CTGGTTATCTCTCGCCACTTTAGG-1_2	62.963730720126144	74.60313991658286	32.525226426090676	25.36575418913728	17.92467701624599	21.236221196126948	8.440278187217674	0.0	95.93655033965537	6.164052239884844	0.0	12.114717818629599	0.0	44.252914511379345	0.0
CTGTTTACACCATCCAACTTTAGG-1_2	63.75557360417396	178.8916191154964	89.56655194552617	0.0	0.0	58.709272941540014	0.0	0.0	0.0	10.902520301626819	83.66020300465264	19.908102370474253	16.858836217744056	5.3464838118646965	81.8005009927869
CTTCAATAGGTAAGCTACTTTAGG-1_2	9.56259754428753	224.80102339671367	29.66112128803487	0.0	258.162630550824	20.05675495623599	0.0	7.694549469912121	7.410586393540864	0.0	42.26929574735024	0.0	2.9243169767777513	0.0	0.0
CTTGCTGCACATGAATACTTTAGG-1_2	0.0	9.19606173716951	0.0	0.7367349148395033	15.946425178972012	9.821473454336267	0.0	287.68432375984406	0.0	341.4048427308915	10.559142646493628	28.620089325084233	33.69173713467002	73.26591049170345	0.0
CTTTAACAGGGTTTCCACTTTAGG-1_2	33.177403439754535	110.92986887186217	0.0	228.7611851595407	64.3050295958901	0.0	0.0	0.0	0.0	0.0	32.08281679839183	26.202721798218917	0.0	18.15841737227172	0.0
CTTTAACAGTCGAAGTACTTTAGG-1_2	431.10293153699985	4.181606785295954	0.0	44.41135304397851	11.167750518555605	25.802794599884976	34.33176217188613	0.0	7.0220783101862745	0.0	0.0	6.308511168466439	0.0	3.350012055156533	0.0
CTTTCGTTCGCAACGAACTTTAGG-1_2	55.991461446241416	245.33867744884893	0.0	40.342700372547874	13.877063848793812	36.39208533549375	24.327116610615736	2.601687238378254	102.2313963796883	2.361114340673437	28.635110420581736	1.558544111448824	0.0	0.0	0.0
GAACAATGTCAGGATAACTTTAGG-1_2	14.336428935007175	0.0	0.0	24.950231439000788	616.6328392561566	0.0	0.0	0.0	0.0	6.850876550387485	0.0	2.1878512087571846	0.0	0.0	0.0
GAAGAATAGCTTAAAGACTTTAGG-1_2	589.8295829634408	0.0	0.0	0.0	21.131900737546975	7.694334290329604	10.693218259422723	0.0	13.59917137523958	2.936777846795196	0.0	0.3644536399022207	0.0	0.0	0.0
GAAGTATGTGCGGCTTACTTTAGG-1_2	503.0093504143814	42.8837776298743	38.044915489034835	0.0	4.928377631129196	4.433917939770002	6.859852415740005	0.0	0.0	0.25932067133459835	0.0	2.4851086025871973	6.095970843508003	0.0	0.0
GAATGACTCTGGTCTAACTTTAGG-1_2	0.0	43.09246113174038	0.7697081079673069	0.0	25.943512992615727	23.914224780708388	37.58323533513449	238.2269494671779	22.456674705405504	219.57826057134955	0.0	0.0	0.0	0.0	0.0
GAATGCGTCAATTTGCACTTTAGG-1_2	630.3572053466802	10.315919101429726	11.864221821962389	0.0	0.0	0.0	0.0	0.0	0.0	0.0	0.0	0.0	0.0	0.0	0.0
GACAGGGAGGAAGCAAACTTTAGG-1_2	147.73634050854142	19.541135429569476	19.58012231132926	0.0	4.190709820116785	39.67927661430851	14.98882200702432	0.0	0.0	18.791308969787085	0.0	0.0	0.0	115.21924670686741	15.82457027340184
GACCGTGCAACTAAGTACTTTAGG-1_2	455.07583614632915	4.147751137411034	9.661094708954083	0.0	35.158373315014096	2.6542053746356498	3.5084875882946727	0.0	2.529775723426463	4.394096606019629	0.0	0.0	0.0	0.0	10.971697997280254
GACTAAATCTGGTCTAACTTTAGG-1_2	624.3171642291213	1.80668353260098	10.826372491044488	0.0	11.23059435708907	45.23456214837389	0.0	23.220477420998872	4.260400657095745	0.0	0.0	1.1684319593223835	0.0	0.0	0.0
GACTCAACAGATTGCAACTTTAGG-1_2	64.25133890967948	132.36594311238926	0.0	83.44560153408472	11.021464917409451	8.009385737726552	24.363875204253578	23.309207011504917	0.0	4.612112392169946	36.179382205687716	0.0	15.08587063355815	0.0	0.0
GACTTACGTCATTATGACTTTAGG-1_2	417.2754796199782	0.0	79.38971539626941	0.0	24.635727547479135	0.0	0.0	0.0	7.552900297837123	13.96376153518724	0.0	0.0	0.0	0.0	11.69811700154775
GACTTACGTTAACGAGACTTTAGG-1_2	72.81310168746079	4.535443813762888	11.615199252652637	0.0	40.39527638605864	59.941984635629275	24.20391918538208	0.0	6.824209860634552	5.878043945191017	0.0	0.0	0.0	20.808794066889714	53.982983248641915
GAGCAAGCACCATCATACTTTAGG-1_2	0.0	0.0	0.0	0.0	1.1893971855704928	0.0	0.0	881.512306326572	10.05064912821067	0.0	5.445832606665813	0.0	0.0	12.21384468343492	0.0
GAGCTATAGCGCTCCAACTTTAGG-1_2	143.0591010746923	70.38926244589858	0.0	18.918162658546542	28.45789889070446	26.75166825668508	30.940011412798714	70.98534725672681	20.992712341050826	4.553134994324292	0.0	38.872373720893826	43.70690846034505	111.45826114681041	0.0
GAGGAGTAGCAATCGGACTTTAGG-1_2	0.0	0.0	0.0	0.0	855.36701036305	0.0	16.57964128875297	0.0	0.0	5.743411278528043	0.0	0.0	0.0	0.0	0.0
GATATGATCCTGTTCTACTTTAGG-1_2	0.0	748.8936633619737	0.0	0.0	0.0	0.0	0.0	0.0	0.0	0.0	11.76603888104106	0.0	0.0	0.0	0.0
GATCACACACCAACAAACTTTAGG-1_2	514.0105520763118	2.387723613372599	0.0	105.91100740650525	66.29087108683078	0.0	34.27704101566979	0.0	0.0	0.0	34.131390381346655	5.034193498822328	0.0	30.985165641427795	10.589502837503273
GATGGTAGTGAACGACACTTTAGG-1_2	336.60060335980796	0.0	0.0	84.06785538178062	18.4721950480415	32.26000593357889	0.0	9.383470925631876	0.0	0.0	32.97101841508333	1.9545432272829126	0.0	0.0	0.0
GATTAGTCAACAGAGGACTTTAGG-1_2	98.52579333418645	6.532436788055314	133.7984474978188	129.5446489592267	25.571627531800416	18.782815261778442	0.0	0.0	0.0	0.0	0.0	14.848912266013762	0.0	0.0	0.0
GCAAATTCAACCGGATACTTTAGG-1_2	10.533837924298778	413.99275637615443	0.0	42.236928611384315	25.818291105661732	0.0	31.620794423909345	4.061822327271918	34.53087269404236	0.0	0.0	0.0	0.0	0.0	11.695160750982813
GCAGCAATCTTGATCGACTTTAGG-1_2	48.05113664717174	255.61505105979722	98.65241276472342	0.0	13.09146849914484	4.1223288483852825	0.0	0.0	31.58339578460157	48.3624545381648	0.0	0.0	0.0	7.620588304385867	0.0
GCAGGCTAGGCGATATACTTTAGG-1_2	95.1518329573307	0.0	369.1048408774225	0.0	15.72015412469949	16.28113609852544	0.0	0.0	16.88993810318912	9.373189483993968	0.0	8.444941381286158	0.0	0.0	0.0
GCATTTGTCGGTTCCGACTTTAGG-1_2	113.5554514316336	0.0	2.47620064928444	295.0625716079735	74.42078490667603	0.0	3.8439755759473875	0.0	0.0	0.0	0.0	60.67913766263221	4.223165219031821	0.0	0.0
GCGAGCTAGTTTGCATACTTTAGG-1_2	545.3876870473686	19.04028343803359	0.0	1.8049619015363485	0.0	32.73612605297881	32.24400663891877	0.0	0.0	5.917845922108861	0.0	0.0	0.0	0.0	0.0
GCGTTACTCCCGCTGAACTTTAGG-1_2	475.77898186852207	0.0	0.0	0.0	4.107112478926517	0.0	23.96528718816175	10.570655876703075	39.26540977176149	7.43071298598757	0.0	0.0	0.0	0.0	0.0
GCTAACTGTGCTTCGAACTTTAGG-1_2	0.0	0.0	459.56894613036883	162.51803233421026	10.028160015125696	0.0	0.0	0.0	0.0	0.0	0.38160758043272286	0.0	0.0	0.0	0.0
GCTCACCCATCATGTCACTTTAGG-1_2	499.72194836262366	0.0	0.0	0.0	21.74487109815256	8.684582606597164	31.273284598065846	2.477573321567383	0.0	0.0	0.0	8.246891589484191	0.7166503500031169	0.0	0.0
GCTCACTAGGTATAGCACTTTAGG-1_2	0.0	516.3248065000092	0.0	9.365167520288834	2.94065564185454	4.048525546065574	0.0	0.0	6.71385944513985	80.34988321098277	0.0	12.9564328042212	14.596022961931912	0.0	0.0
GCTCCATAGCCTGCCAACTTTAGG-1_2	50.93992727370544	179.6715768170295	93.09565359818943	0.0	13.739711561964576	1.8720724979596528	24.32610207303978	0.0	24.910983798529532	1.4402250465467	15.30461699120148	33.109933145086366	8.784401409074503	0.0	0.0
GCTGGATCACCACACCACTTTAGG-1_2	0.0	34.68554103315109	0.0	0.0	0.0	974.8881119129247	7.842521130732756	0.0	0.0	0.0	0.9361482513702741	3.55396431533476	0.0	0.0	0.0
GCTTACATCGTCAATTACTTTAGG-1_2	514.936333921368	26.817080258003	23.378526750892764	0.0	22.002976615790285	0.14941310738962385	5.5050627408616455	0.0	0.0	7.86851575547652	0.0	0.0	0.0	0.0	0.0
GCTTGATGTTTACGACACTTTAGG-1_2	483.9826671367801	79.5119008434051	5.033584092553358	44.467496840180864	0.0	0.0	0.0	3.0478754062565923	0.0	0.5949905643298641	17.765168424763324	2.7065422806445714	0.0	0.0	0.0
GGAACCGGTATAGTGGACTTTAGG-1_2	542.2341999937008	0.0	0.043436813632793884	0.0	7.242015753146606	3.9169333416806644	0.0	0.8383363334797008	2.598834399913497	0.0	2.5755109009085495	0.0	0.0	0.0	0.0
GGAAGCCTCGTCCCGAACTTTAGG-1_2	122.21843796093704	38.85752086829477	134.67860142195116	360.0753319278564	0.0	28.517563035463944	0.0	0.0	0.0	0.0	0.0	0.0	0.0	0.0	0.0
GGATTGCCAGAATCGCACTTTAGG-1_2	0.0	971.460491247149	0.0	0.0	0.0	0.0	0.0	0.0	0.0	0.0	0.0	0.0	0.0	0.0	0.0
GGCAATCCAAATAAGGACTTTAGG-1_2	18.66266019895073	271.17625146773156	0.0	14.781597420796533	21.108186641914564	13.85926516159436	1.9141473010634025	0.0	0.0	8.560343969064416	50.661936619932085	11.273133674381523	0.0	0.0	0.0
GGCATGATCGACTTTGACTTTAGG-1_2	29.981281547066644	57.190845779366946	434.37207691593835	0.0	0.0	13.168073637233729	0.0	0.0	0.0	5.244973621178245	0.0	0.0	0.0	0.0	0.0
GGCATTTGTAATGCCTACTTTAGG-1_2	184.37800503314267	64.9590561699764	278.53770212083674	0.0	2.0780544214300525	0.0	0.0	0.0	0.0	0.0	0.0	0.0	0.0	7.232137061920925	0.0
GGCCTTTAGCAGGTTGACTTTAGG-1_2	794.782186897641	0.0	0.0	0.0	0.0	0.0	0.0	0.0	0.0	0.0	0.0	0.0	0.0	0.0	0.0
GGCGAATGTAAACCCTACTTTAGG-1_2	64.06863034162451	235.33462461990274	68.77434428900122	0.0	17.54796128982427	20.403411100967208	12.242774269312854	0.0	68.85177223620998	0.0	0.0	1.8007194417019565	0.0	17.33796084495417	17.162585492597668
GGCTGATCAATTGAGTACTTTAGG-1_2	23.160398157547075	219.57062428194413	0.0	71.38037916611924	37.94849482770234	25.325059584318844	2.8134609667551724	17.117319065225246	36.76897554916515	14.511114161818531	0.0	3.5397048246102365	0.0	0.0	19.70980231912148
GGCTGATCACCTACTGACTTTAGG-1_2	21.402170791864638	25.74132465812489	0.0	4.839247106633902	17.269902157675055	20.612025094925013	82.59975564321044	580.660331074461	0.0	41.07654983422117	46.61955940365344	13.041710736809987	30.110621490975696	7.840382274497909	0.0
GGCTTAGAGGTTAGGTACTTTAGG-1_2	0.0	29.157029190840277	0.0	24.69988126744228	15.785958027963037	683.32147740786	2.862342375715827	0.0	0.0	26.42030936109939	6.391635653140424	5.67560287854314	0.0	0.0	0.0
GGGATGGAGATAGCTAACTTTAGG-1_2	564.5188931257704	23.908604436210805	0.0	19.083386192942463	3.5730199952961477	14.383061348503205	14.671792737913673	2.652313042343851	0.0	0.0	0.0	0.0	0.0	0.0	0.0
GGTGTGATCCTAAGTTACTTTAGG-1_2	61.88539905013436	280.87220741800746	0.0	16.792209160415016	27.254280142580456	46.46734318005481	0.0	0.0	42.11475218326042	16.114165296376793	0.0	2.9557142810090817	0.0	0.0	1.7626961334432083
GGTGTTTGTACGAATGACTTTAGG-1_2	261.0187689799335	49.745598788893155	0.0	44.93597677831101	285.1193128331183	0.0	0.0	0.0	0.0	11.197943122918366	13.435100870179339	0.0	0.7514838584307771	0.0	0.8708769774451695
GGTTACCTCGGCTAAGACTTTAGG-1_2	54.87117508432902	242.59402073721523	53.04122111352165	0.0	31.005983866211277	31.71369088270686	19.31860981514951	17.222614443907563	40.0553950910644	31.762663977390325	0.0	19.297720747844476	0.0	0.0	4.152620838711734
GGTTGACCAATAGAAGACTTTAGG-1_2	69.50138712787742	193.33269566180346	0.0	55.15501582106147	8.134704079798611	33.10119857553197	18.339783483503673	0.0	61.48860557633617	0.0	0.0	5.937997316687358	40.90565480735992	6.045696658190493	2.7883533972864694
GTAACCTGTAACGTGAACTTTAGG-1_2	632.1347342169963	0.0	0.0	8.253924308912103	0.0	5.550651010708315	0.0	12.881428884088121	0.0	0.0	0.5966059522128322	15.972263031130783	3.981736785696737	0.0	0.0
GTACCTATCCTTGTTCACTTTAGG-1_2	58.17249787795888	178.79590351840878	0.0	40.24105253313112	5.8509917804145255	15.434685826621031	10.636872008509307	0.0	0.0	0.0	61.33866400072499	3.572798593930502	14.758315629592143	0.0	0.0
GTTAGCGAGCTAAATGACTTTAGG-1_2	0.0	32.538921181666716	336.0817085721188	200.80415857344775	0.0	0.0	0.0	0.0	6.692120278834186	0.0	0.0	0.0	0.0	0.0	0.0
GTTCCATCAGCTCGCTACTTTAGG-1_2	4.9557603168909194	0.0	478.53901726341525	61.543134738983994	0.017808172098045198	0.0	6.1786298036954515	0.0	0.0	2.63770177700602	0.0	0.5592372116050424	0.2695903634512617	0.0	0.0
GTTGGATAGGGCGGTTACTTTAGG-1_2	533.4787782009209	18.837533394816557	0.0	109.01772637818918	9.154883512113885	74.02805726753758	16.90346492072214	0.0	0.0	0.0	0.0	4.06475409662439	0.0	24.246679627705518	0.0
GTTGTTGTCGATTAAGACTTTAGG-1_2	491.02703277166745	0.0	54.26688570158322	0.0	8.975294607051335	0.0	0.0	13.969948722685068	3.8230664822824654	25.954433759369124	0.0	0.0	0.0	0.0	0.0
GTTTGGGAGCAAATTGACTTTAGG-1_2	2.383747692209076	11.242373112630826	36.18911048539036	0.0	5.870243179414909	7.617468639572016	86.3355615560387	0.0	49.30535200069314	26.59781865786687	0.0	0.0	0.0	5.568245659444603	25.179450540965078
GTTTGTCCATTGCCCAACTTTAGG-1_2	0.0	0.0	811.5435452785745	0.0	0.0	0.0	0.0	0.0	0.0	0.0	0.0	0.0	0.0	0.0	0.0
TAACCAAAGCATCTATACTTTAGG-1_2	516.5922051502102	0.5655930519704837	0.0	3.2962172190083723	12.237816547044583	27.836201936667578	0.0	0.0	2.194417838495062	45.19560117557119	0.0	4.745598093729528	0.0	0.0	0.0
TAACGTTTCAGCATGGACTTTAGG-1_2	0.0	0.0	12.811824702837352	0.0	0.0	0.0	646.8788623649725	7.010726989580726	0.0	0.0	0.0	24.950517761895156	8.167196598541945	0.0	0.0
TAAGGTTCAGCAATTGACTTTAGG-1_2	23.28036861739549	228.75611644875906	0.0	56.135007932589204	11.763780933032214	14.819360543988942	27.8068305080734	0.0	0.0	1.4703437881372594	58.339846983184046	0.0	32.54021025308486	0.0	0.0
TACCAGCTCATAATGGACTTTAGG-1_2	1.8765858925746979	8.574919689182313	590.1343002018533	0.0	17.131282314979543	0.0	14.361517505399856	6.403062919516901	0.0	0.0	0.0	0.0	0.0	0.0	1.485323370192464
TACCCGGTCTGTGACCACTTTAGG-1_2	0.0	0.0	617.0062928836817	0.0	0.0	0.0	0.0	0.0	0.0	0.0	0.0	0.0	0.0	0.0	9.80666406246762
TACCTGCAGACAGACTACTTTAGG-1_2	118.05670190079182	0.0	0.0	417.0250125200198	19.607874996007652	37.794002883168524	6.20491801219827	23.700673372771533	0.0	0.6478414087497116	7.17285217665908	0.6154539660398626	0.0	0.8499810194756956	0.0
TACCTTTGTTAACCACACTTTAGG-1_2	394.91008972820566	0.0	14.881044007523107	11.675495177610532	12.408593251858735	23.873910010879307	0.0	4.678661456712556	0.0	1.929599631260392	5.794318905509247	0.0	11.819372569232398	0.0	0.0
TACTCACCATCACGAAACTTTAGG-1_2	35.977385793121535	10.16364562131799	206.5526477565303	308.61274512276384	0.0	0.0	10.533173720069083	0.0	0.0	1.138111704621199	15.57198845680588	0.0	26.423149489487898	0.0	0.0
TAGTCTCCAAGCGATCACTTTAGG-1_2	43.60035670402689	57.04051761432099	0.0	0.0	23.448828094441538	0.0	0.0	46.05517958739508	108.61370454981326	0.0	298.71035167041015	16.82994656066454	0.0	0.0	0.0
TAGTTGTTCCGGATAGACTTTAGG-1_2	0.0	0.0	0.0	0.0	743.2651198788167	0.0	0.0	0.0	0.0	0.0	0.0	0.0	0.0	0.0	0.0
TATACCTAGAAACCCGACTTTAGG-1_2	58.30076967445328	0.0	476.28965388229386	0.0	20.305310985215904	30.09229690899398	8.115497487971508	10.21256828055774	21.661925572563092	4.436483783747448	0.0	4.046013514707837	0.0	0.0	0.0
TATATCCAGGCTTAAAACTTTAGG-1_2	40.19241792129356	279.275791862995	74.29020024173464	0.0	31.32796530468556	0.0	14.63631091248097	0.0	0.0	12.325043812202392	70.66761216949473	1.2951863644696955	0.0	0.0	17.587820546709573
TATCGCTCACCACAAAACTTTAGG-1_2	430.3863071131855	1.3665426114925707	99.51920835231024	0.0	3.9938907366098526	46.779859832470066	8.713826628444744	0.0	23.178623277289205	3.411472064155665	0.0	38.58927251643288	0.0	0.0	0.0
TATGACTTCATCCAGCACTTTAGG-1_2	87.08128863312193	28.88726216771612	213.19402991085607	0.0	14.040759182682141	25.97864292561894	7.285387924890658	0.0	12.949497680209573	0.0	0.0	8.807801999690161	0.0	0.0	22.671100981430353
TATGTCCCATGAGCTAACTTTAGG-1_2	0.0	0.0	0.0	0.0	0.0	0.0	43.85830703851198	308.41872453429255	0.0	145.71467586416946	0.0	28.73075684069209	517.6207605006778	0.0	0.0
TATTGCCCAAGTTGCAACTTTAGG-1_2	23.822690440632737	194.26235212830431	39.20850917385504	10.740076085476295	52.139377832082275	31.46331447457753	17.968911236781988	16.22920335634987	0.0	2.853896617753906	146.05319407352138	3.5889355655494977	0.0	0.0	6.36953545328461
TCAACTAGTGCATCGCACTTTAGG-1_2	39.52178314309686	0.2168439938314205	41.47358845601507	0.0	20.891007681999422	5.849042869095836	2.9990510092220064	312.6726309503603	2.2810751071273088	0.0	0.0	0.0	0.0	141.54668100963517	5.736334314285421
TCAATGGCATTTGCTAACTTTAGG-1_2	55.85903347010837	23.382291795304194	0.0	17.665301827263068	0.0	0.0	372.0370654659197	10.399934963198959	0.0	0.0	19.959888265705448	1.405925637002796	0.0	0.0	0.0
TCACTCGCACCTACTGACTTTAGG-1_2	573.3164749869948	0.0	0.0	0.0	0.0	0.0	0.0	0.0	0.0	0.0	0.0	0.0	0.0	0.0	0.0
TCATGAAAGCTCAAGGACTTTAGG-1_2	0.0	0.0	0.0	0.0	0.0	0.0	1043.7180460843151	0.0	0.0	13.238440691129686	0.0	0.0	0.0	0.0	11.528673225033614
TCCAAGTGTAATGCGAACTTTAGG-1_2	0.0	0.0	0.0	0.0	919.5913950907902	0.0	0.0	0.0	0.0	0.0	0.0	17.26077678042667	0.0	0.0	0.0
TCCATTACATAAGCTGACTTTAGG-1_2	0.0	0.0	0.0	0.0	0.0	0.0	1095.5643647270197	0.0	15.073985882542704	0.0	0.0	4.535694099424082	0.0	0.0	0.0
TCCTTCTAGTTGACGGACTTTAGG-1_2	24.967284820243027	44.033734088304534	0.0	0.0	31.18276818348143	8.680818578208797	49.77646109546267	563.8963442389444	0.0	66.17199061646352	0.0	0.0	0.0	0.0	17.501175379949697
TCGCGCTCATAATGACACTTTAGG-1_2	12.784386988472248	297.48480610214006	156.20598452213514	0.0	43.034897444158744	21.247257833190208	2.2625504785945036	0.0	79.87955914268291	0.0	0.0	32.211058648451626	0.0	0.0	4.340796695572751
TCTAACAGTTTCAGGTACTTTAGG-1_2	460.9157186012794	4.932068739947337	56.14021949488627	0.0	5.35145683846213	8.765062783524376	0.0	18.21842945083408	27.25713365317464	12.918732890675175	0.0	6.078198300469208	0.0	0.0	0.0
TCTCGCCTCCTTTGGAACTTTAGG-1_2	688.4669311131317	9.804119463449652	0.0	0.0	0.0	0.0	0.0	0.0	0.0	0.0	0.0	0.0	0.0	0.0	0.0
TGAACCTGTGTTAGCTACTTTAGG-1_2	41.21629503335578	105.01598859998815	83.3169368274532	21.714360629233763	37.90252837259294	19.720384678427262	38.35092305934217	0.0	0.0	24.385584835744133	31.89434150578449	12.57565483099728	0.0	12.990373394042875	0.0
TGAAGGAAGGTTATGAACTTTAGG-1_2	0.0	0.0	0.0	0.0	0.0	0.0	0.0	1195.7674320437636	0.0	0.0	0.0	3.8854838275058787	0.0	0.0	0.0
TGATTTGGTATTGCGTACTTTAGG-1_2	82.28498341700043	26.22905887076596	440.47240683242603	0.0	13.454906969881003	40.035944156376274	18.175399393637385	0.0	8.59934479676524	13.305243394466729	0.0	0.0	6.755871340978314	2.8244934902504992	0.0
TGATTTGGTTTGTCCCACTTTAGG-1_2	343.939507960785	18.078265001158073	0.0	120.93605059420727	11.937509369298853	24.946256954196574	0.0	21.08167517075439	0.0	0.0	24.040669665648775	0.0	7.517195402042588	0.0	0.0
TGCCGGTGTACGTAAGACTTTAGG-1_2	0.0	0.0	0.0	0.0	7.022010194277139	0.0	0.0	0.0	0.0	0.0	0.0	0.0	660.686661861048	0.0	254.86294827081463
TGCGCTAGTAAACCCTACTTTAGG-1_2	380.75642309214936	43.42145329533439	0.0	45.56645375874257	10.180914180925026	26.680688226000257	15.380728772577966	0.27555015813321343	0.0	4.440735074232406	6.860629490738574	8.432919668749598	5.919435770985154	0.0	0.0
TGCGCTAGTAACTACCACTTTAGG-1_2	156.06432615598158	26.315338829764595	0.0	112.06074645786849	6.975251628547269	33.55423134977407	17.887219479845943	0.0	0.0	0.0	25.36347111184224	7.567877265210476	0.0	0.0	0.0
TGCGCTTAGGTCTTGCACTTTAGG-1_2	278.9912876513691	82.46766096427189	77.46960612026992	0.0	17.630038199650727	25.35564563113544	22.06015593426341	0.0	49.09318755180215	0.0	1.1288971664662921	0.0	0.0	33.97103284406816	0.0
TGCGGAATCCTAAGTTACTTTAGG-1_2	4.775591941127248	32.0888318444963	0.0	14.284024724159925	625.2448229555724	6.543337090725264	18.206644842763687	16.31640993136109	0.0	0.0	0.26310156782307503	0.0	15.10708055479077	0.0	0.0
TGCTTAAGTTCGAATCACTTTAGG-1_2	45.720488864745136	157.34978889872565	78.05459190990305	0.0	11.890631743868372	30.579727985404432	24.389042145373814	16.67988187846171	0.0	6.080122539553785	86.9482794370607	16.96381060907046	1.7381589998772513	0.0	0.0
TGGAAACTCGAAGTTAACTTTAGG-1_2	49.03993460537747	556.7423108189606	0.0	0.0	0.0	0.0	1.2084868575192238	0.0	4.607752650556663	0.0	0.0	22.240995640062476	0.0	0.0	0.0
TGGATCGAGCAAAGCTACTTTAGG-1_2	279.3148488239831	27.553834955878276	0.0	0.0	22.542757230370103	44.43711645443296	18.30303477841749	0.0	0.0	38.50399949347279	0.0	0.0	0.0	150.81222168368586	20.28639542239672
TGGCGTGCATATAGGTACTTTAGG-1_2	42.091781480798076	93.94578158294154	0.0	59.05458243722139	34.05123643921592	45.4211295509301	26.547127178742045	37.94159547816416	0.0	4.6998197972232045	67.59747666547548	34.49933524849517	60.06711603745578	0.0	0.0
TGGGTTTGTAGGTTTCACTTTAGG-1_2	12.164281779505641	2.3955808252273565	0.0	630.3275004768492	30.00819030096708	0.0	1.22320401937546	0.0	0.0	0.0	6.2400015833125835	0.0	4.2158739177810345	0.0	0.0
TGGTCAACAAGTTGCAACTTTAGG-1_2	663.8189583995394	0.0	0.0	0.0	8.623749890271524	3.705240542567254	11.218704805712877	6.832559190780641	18.67054121489325	0.0	0.0	0.0	0.0	0.0	5.845929486676745
TGGTTAAAGTAGCGCAACTTTAGG-1_2	19.250947768277516	0.0	524.0035784682082	0.0	0.0	70.81330979987887	0.0	0.0	0.0	13.730771188411738	0.0	2.0432392140389593	0.0	0.0	0.0
TGTGCTGGTACTAACCACTTTAGG-1_2	0.0	0.0	0.0	0.0	0.0	0.0	0.0	0.0	0.0	1334.8502954894575	0.0	0.0	0.0	0.0	0.0
TGTTAGTTCAGGCTGAACTTTAGG-1_2	211.91624181240837	40.71890095322481	0.0	124.47140940016654	40.28025001338267	21.848947143003286	35.45964064159527	13.429528662085465	37.089495609439176	6.656953078606455	18.898014650607298	0.0	5.869885660989081	0.0	0.0
TGTTCCTTCGTCCCGAACTTTAGG-1_2	0.0	0.0	743.8496560778568	0.0	0.0	0.0	0.0	0.0	0.0	0.0	0.0	6.0344270329091945	0.0	0.0	0.0
TGTTCTTGTTATGTGCACTTTAGG-1_2	672.2376225936722	0.0	0.7613036954673601	0.0	0.0	0.0	0.0	0.0	0.0	0.0	0.0	0.0	0.0	0.0	0.0
TTAGAGCAGAATGGGAACTTTAGG-1_2	0.0	378.99972599065376	0.0	82.47730302371228	47.816607193445996	36.12752453470732	0.0	9.678425014547653	0.0	10.35548777838682	31.67703695279483	1.6618268097663758	0.0	0.0	0.0
TTAGCGGAGGTGAATCACTTTAGG-1_2	0.0	0.0	0.0	0.0	0.0	0.0	0.0	0.0	1215.5088417364373	0.0	0.0	0.0	0.0	0.0	0.0
TTAGGTGCAAGCCTAAACTTTAGG-1_2	533.2212559874304	3.4768553835135303	0.0	0.0	0.0	35.392665218733846	0.0	0.0	0.0	4.6317906229472925	0.0	4.696014479442145	3.3158101965427873	0.0	0.0
TTAGGTGCATAAGTCGACTTTAGG-1_2	338.38301096655465	20.175973089308116	28.77956453767807	0.0	20.261558618188555	47.31645980092695	0.0	0.0	19.482979879472296	8.809310246921369	0.0	9.913320409307854	0.0	13.239133992309146	0.0
TTAGTTGGTATTACCAACTTTAGG-1_2	288.46111808218603	17.24468796026143	0.0	71.34239299602231	32.89273575369572	7.818868006377987	1.5885694825269685	0.0	14.700765280845717	0.0	0.0	1.1025015308459991	3.1336840966612645	0.0	0.0
TTCAACTAGTCACCTAACTTTAGG-1_2	0.0	4.886986031335946	675.2114572226835	8.453183742804761	0.0	0.0	0.0	0.0	0.0	0.0	0.0	0.0	0.0	0.0	0.40269436488142024
TTCCTCCCACTTCGATACTTTAGG-1_2	7.838777382584188	2.0764151696292465	0.0	1.8541290246745221	3.619441308861251	22.456804320840924	740.306026449771	0.0	0.0	0.0	0.0	0.0	72.32567764220407	0.0	0.0
TTCGATTAGCAGGCTAACTTTAGG-1_2	14.283580360823725	32.63605475538818	460.34651273017846	4.15194571826876	16.371707434297818	0.0	4.181397741920105	0.0	8.048571805475452	0.0	0.0	35.891125382432044	0.0	10.327550569918499	0.0
TTGAACAAGTTTGAGAACTTTAGG-1_2	80.51569322841799	105.33392543462662	0.0	63.093293408399035	0.17399168603038914	10.882196721474452	28.32244939594155	23.166745844533132	14.779797545132784	39.35253378818538	0.0	3.8754084052250732	74.06687189720789	0.0	14.38565403724258
TTGACATTCACAAACAACTTTAGG-1_2	212.65174893194765	19.03594574179511	15.640653880572849	38.60857247452576	19.310603524029727	23.37612566843748	23.815832435711194	0.0	23.072504272094275	6.615543004435845	0.0	0.0	0.0	0.5960321683819533	7.9142209200400595
TTGAGGAGTCACACCAACTTTAGG-1_2	415.08411419369037	63.239336699103355	0.0	27.45261475701905	3.5002007117188914	44.27259531471907	5.566543517260013	0.0	0.0	20.191905332116225	0.0	2.1743803086777826	0.0	0.0	0.0
TTGAGGAGTTGCGGCTACTTTAGG-1_2	774.4830788099282	0.30796431337058816	0.0	0.0	0.0	14.662063399664305	2.0162193803233985	0.0	0.0	23.564944253843883	14.916863628689594	0.0	0.0	0.0	0.0
TTGTTGTAGTGAATCAACTTTAGG-1_2	0.0	9.964498583140516	0.0	6.502615111259194	19.58425859642933	44.584011490282954	618.6221197539751	0.0	0.0	42.151054991127594	0.5666560163152559	0.0	31.15233351540986	0.0	0.0
TTTAGTCAGTTACAGAACTTTAGG-1_2	82.99366987845525	186.1853979942703	66.3728497595707	0.0	47.31022400521663	0.0	5.705829417747654	25.55728170751075	0.0	0.49019072712252854	29.900170357433076	0.0	14.963808216978595	0.0	0.0
TTTCACCTCCTAAATCACTTTAGG-1_2	537.0014043702607	17.146006274294436	24.339688998229303	0.0	0.0	0.0	0.0	0.0	15.813649685656854	4.120504210958103	11.447030800616819	0.0	0.0	0.0	0.0
TTTCACCTCGTTGCACACTTTAGG-1_2	473.73004516762796	0.0	0.0	16.57365601222523	8.682288342122337	18.667353359224077	0.0	0.0	6.5931211150819555	0.0	0.0	16.51620582041101	0.0	4.058019443097647	0.0
