	1	2	3	4	5	6	7	8	9	10	11	12	13	14	15	16	17
AAAGCGAAGCGATAACACTTTAGG-1_2	120.55989011261424	94.11835133662407	0.0	42.12074352450158	63.06297485888763	20.114564442251467	0.0	0.0	0.0	27.46679382645836	10.095611786054027	0.0	0.0	0.0	0.0	0.0	0.0
AAAGGTACAGCCCTTAACTTTAGG-1_2	134.98690630412588	37.841804977496935	0.0	72.76596384627572	17.704640942356818	0.0	0.0	31.8346542026755	1.4718397400298662	0.0	0.0	0.0	0.9333755624536373	0.0	26.298204923063135	0.0	0.0
AAATCACCAATCATCCACTTTAGG-1_2	81.00215810620267	51.000978718956524	0.0	0.0	47.500583795676796	0.0	0.0	63.53073654744256	2.6373167684606926	56.58923440294372	6.4351623072337905	0.0	0.0	12.686805398678997	1.0257990285694327	0.0	0.0
AAATGAGCATTTGTTGACTTTAGG-1_2	0.0	32.79758859206599	0.0	5.245441086833668	0.0	715.5830725702792	0.0	0.0	0.0	0.0	1.8236819004113805	10.412706330432341	20.228703640911824	3.332165552950896	0.0	0.0	0.0
AACCAACAGGACACGCACTTTAGG-1_2	130.66624226871207	58.51609431184849	0.0	14.172633730731809	0.0	47.38940378907445	48.730642533357845	0.0	46.50418893133629	21.281390343415307	8.263049402556309	0.0	0.0	10.243132209122999	0.0	0.0	0.0
AACCTCATCGAACCTCACTTTAGG-1_2	74.63982405346019	54.85692750718345	0.0	43.54430539184048	0.0	0.0	0.0	33.037177646529415	19.3022143398298	0.0	5.822062653401242	47.73368699976311	0.0	8.263576247768667	0.0	0.0	0.0
AACTGAGGTGCTCCAAACTTTAGG-1_2	125.04672010661984	85.41585494329698	0.0	52.15899030301964	52.63802175290417	0.0	0.0	20.916838747377362	0.0	0.0	0.9248875878549285	0.0	0.0	6.0561736311703	0.0	0.0	0.0
AAGACAACAAATAGGAACTTTAGG-1_2	112.91799975187514	58.09255088875515	0.0	85.90389314424225	0.0	0.0	18.764095691287153	42.4625089122667	0.44647803325140245	0.0	0.0	0.0	14.343928746488922	0.0	16.917462343138897	0.0	3.1406846829611474
AAGCCTCTCAATTGGAACTTTAGG-1_2	222.95822606736812	39.146012216465586	0.0	0.0	0.0	12.461968298759924	35.47375127734642	0.0	21.20487697487086	39.597617298542616	6.594783873655245	0.0	0.0	0.0	0.0	0.0	3.9228546917992655
AAGCCTGAGTTAGTTCACTTTAGG-1_2	0.0	1092.0782130596288	0.0	0.0	0.0	0.0	0.0	0.0	0.0	0.0	0.0	0.0	0.0	0.0	0.0	0.0	0.0
AAGCGGCTCTAATCACACTTTAGG-1_2	505.24295880350786	10.35609044191128	0.0	11.902716225800825	0.0	0.0	0.0	25.90070288241063	0.0	4.686846346838679	6.059322918338323	22.465915569880064	0.0	33.59137701868732	0.0	0.0	0.0
AAGGGAGGTGGTTACTACTTTAGG-1_2	19.109031900436307	11.416891922078072	0.0	0.0	0.0	281.0084441062511	0.0	0.0	0.0	11.256339504708851	266.62996200506007	6.877166237416711	0.0	0.0	18.526613595511716	0.0	0.0
AAGGGAGGTTGTTCCCACTTTAGG-1_2	0.0	37.22684429683233	57.80220031461431	19.628380923120073	360.2934657672519	0.0	0.0	5.122278113459825	0.8711998433703239	0.2754567791678638	2.8023277982709596	0.0	0.0	0.0	1.3618813816767734	0.0	0.0
AAGGTTGGTATGGTCTACTTTAGG-1_2	111.76076691477479	87.73742449598487	0.0	106.03834960330141	0.0	32.62081493869287	0.0	0.0	7.2127325097881405	0.0	6.305141225718758	25.55268781866885	0.0	15.27842388778908	0.0	0.0	0.0
AATACTGAGGTCAAGTACTTTAGG-1_2	0.0	39.74638993132591	102.69223565270765	54.717272699361416	45.31497545876758	16.042297019868645	0.0	0.0	1.9752679574458523	0.0	1.4088016476315217	0.0	0.0	0.0	15.454427621385316	0.0	0.0
AATCACGCATCCTTGGACTTTAGG-1_2	0.0	0.0	785.241685015627	0.0	0.0	0.0	0.0	6.193475823488291	0.0	0.0	0.0	0.0	4.0801532937881175	0.0	0.0	0.0	0.0
AATCACGCATTTGGCTACTTTAGG-1_2	52.43178717264059	597.3583049067499	0.0	8.440775636383895	0.0	0.0	0.0	21.568360072877063	0.0	0.0	6.004847107159295	34.640717884508746	0.0	0.0	0.0	0.0	0.0
AATCGCGAGGTTGCAGACTTTAGG-1_2	447.4346962639541	0.0	0.0	8.910323833005895	0.0	1.323442072879619	1.9147745901699893	14.400759330150246	0.0	0.0	3.9375441129232027	0.0	0.0	6.979505240130919	0.0	0.0	0.0
ACAGCGGGTTGCGCTAACTTTAGG-1_2	132.69085727592216	94.38409839386082	0.0	46.62110907828711	0.0	0.0	58.821269766094865	16.678627142386492	26.373532937792408	0.0	1.969159125766798	0.0	4.482909271304638	14.489734354295784	0.0	0.0	4.660817105250017
ACATACTTCTGGAAACACTTTAGG-1_2	100.02306360247212	36.14608910492462	0.0	36.42578013333277	53.694139376910776	0.0	0.0	0.0	42.22933851112985	0.0	13.000225557226008	0.0	0.0	0.0	5.827620059853628	0.0	0.0
ACCAATCGTTCACTCCACTTTAGG-1_2	112.1990805083629	78.84737087928734	20.607429884904374	67.83029094571998	62.90141134057203	55.19208046214918	0.0	0.0	16.202461184695192	0.0	0.0	0.0	13.127831527288928	0.0	13.836424745266822	0.0	0.0
ACCACGTTCGGGACTAACTTTAGG-1_2	122.09193183235111	52.73242807046269	0.0	34.16667034526391	0.0	0.0	26.765775793815894	23.884651011699283	33.00855902806528	0.0	7.435097315034171	24.739284921392173	0.0	2.123653243806862	10.895823747864247	0.0	0.0
ACCGGCTGTTTCCTCAACTTTAGG-1_2	183.69710439605473	29.940030648075624	0.0	0.0	0.0	0.0	74.38237538554553	0.0	2.554555107804323	49.75856222442578	2.2282581334977034	0.0	0.0	14.907104235665333	0.0	0.0	0.0
ACCTCTAAGGTAGTTAACTTTAGG-1_2	128.89122305878794	58.26771846155739	0.0	0.0	0.0	0.0	41.453270832581254	19.884489021733483	22.445827474656152	41.9036577682007	21.705272490005274	0.0	0.0	13.96996899223276	0.0	0.0	0.0
ACGGTAAGTCAAAGGCACTTTAGG-1_2	100.81906021648628	37.94879166117914	0.0	62.56439097903878	0.0	14.094253160059315	31.90563527687623	0.0	4.2966751137789005	0.0	18.48213658531235	0.0	0.0	0.0	0.0	0.0	0.0
ACTAATGAGGAAACTCACTTTAGG-1_2	44.22473675820576	81.81901901981806	45.08610395425369	52.178389597090835	25.289531675478457	20.802273726382445	0.0	0.0	2.868324495632107	0.0	4.104800266357224	0.0	1.6885986748228567	4.1917615496536715	14.136715272438359	0.0	0.0
ACTACAAAGGATTATGACTTTAGG-1_2	388.53611326050645	14.969819080053304	187.03988938745053	27.181025992846845	7.316791673938823	0.0	0.0	0.0	0.0	0.0	0.0	0.0	3.5486461941758356	0.0	49.658372796973666	0.0	0.0
ACTACTAGTTTGAGCTACTTTAGG-1_2	39.741553327735765	14.601553629989402	0.0	0.0	347.41194589532176	0.0	0.0	0.0	0.0	22.361517898036034	0.0	0.0	0.0	0.0	4.9413779601017405	0.0	4.003429063452451
AGAAGCAAGTCGTTCAACTTTAGG-1_2	0.0	67.18390027380406	108.91151805048771	22.85627393532019	32.02007485741626	28.521726277069423	0.0	0.0	3.3502497868324537	48.349025755085925	19.12857013318978	0.0	0.0	0.0	9.218995238689143	0.0	0.0
AGAAGGTCAGGCTATAACTTTAGG-1_2	157.33635377507946	63.72677118525623	0.0	79.71971502869299	9.945030388913272	0.0	0.0	16.729181427592092	16.15934343083395	37.16064761671176	1.8967709450290822	0.0	16.10173253572559	7.396438775241109	0.0	0.0	0.0
AGACACTAGCTAGATAACTTTAGG-1_2	130.6443800904042	48.013976441011145	19.09418275578394	23.401310578138776	65.88936718657165	0.0	0.0	4.948294964387289	67.83286269780625	24.1350301635869	5.816161430147861	0.0	0.0	0.0	2.6926961635055626	0.0	0.0
AGATTAGTCAACCTCAACTTTAGG-1_2	71.91039009812825	76.84601684355779	0.0	0.0	0.0	110.69156685504588	40.4281224530006	8.561727153684968	41.849958629004824	37.271425037422794	62.328434856327846	0.0	0.0	0.0	51.253327000408824	0.0	0.0
AGCATCCTCATGGAACACTTTAGG-1_2	102.1911713127256	44.77286734676563	0.0	25.878591311495075	0.0	5.814911656802619	24.70462645608454	0.0	38.000274232423145	15.323048635746526	4.911322696134574	9.888223298461558	0.0	7.901360042315874	0.0	0.0	0.0
AGCCATTGTAATCCTAACTTTAGG-1_2	142.48696650559953	46.26394369670075	0.0	0.0	25.047596059361776	0.0	0.0	13.936409946526926	0.0	56.92017750449871	0.7551944224048651	0.0	0.0	0.0	13.087073636815457	0.0	0.0
AGCTAAATCGGGACTAACTTTAGG-1_2	0.0	0.0	563.7437458591545	0.0	14.61859443396765	0.0	0.0	0.0	15.80761332840449	3.6889196559961546	0.0	0.0	1.296975944863112	0.0	13.366855372360748	0.0	0.0
AGCTACCTCCGGATAGACTTTAGG-1_2	133.0381947924225	53.61822625899039	0.0	50.54700078988605	25.66526145970644	3.7534775674563083	10.886604300858403	0.0	25.203958601356216	0.0	9.743022102497834	0.0	6.625189639207061	14.277062529271001	0.0	0.0	0.0
AGCTATGCAAATACCGACTTTAGG-1_2	123.03518520360217	57.94258952494971	0.0	31.003539844108097	0.0	15.970909854579748	0.0	0.0	24.463478530795744	0.0	0.0	41.69740560162171	21.052018665475593	12.081988500831656	0.0	0.0	0.0
AGCTGGCAGGTGAATCACTTTAGG-1_2	128.74355328785794	48.480772415715705	0.0	60.57410384023385	0.0	4.20418833592621	63.03815185053827	29.313072881631154	39.42925304164075	0.0	4.1055553028887255	0.0	0.0	12.313345320390582	0.0	0.0	0.0
AGGGACCTCAGTTAGAACTTTAGG-1_2	63.529389620080835	17.046165596501787	580.826051533411	11.845044827464342	0.0	16.73228358244286	20.836532409602782	0.0	0.0	0.0	0.0	0.0	19.74225000912546	0.0	8.257463349666567	0.0	0.0
AGGGTGGAGGCCTTCGACTTTAGG-1_2	127.41661184098182	43.41469490528149	0.0	13.177355101663657	0.0	0.0	0.0	27.059316889649548	58.63445924519334	0.0	0.0	45.789535925411215	18.75327357197432	3.729795972621693	0.0	0.0	0.0
AGTAAACGTGACACAAACTTTAGG-1_2	140.51507488975116	59.8189374384328	0.0	70.0580489521799	0.0	40.9609884894311	0.0	0.0	7.459485527716733	0.0	0.0	43.26452817630545	7.474799916643262	5.76946687571666	0.0	0.0	0.0
AGTAGGCGTACAAACGACTTTAGG-1_2	60.43414315407591	101.1496977448158	53.263287309169876	59.99337845772963	45.892077121979334	33.94316429701589	0.0	0.0	8.630040576788895	0.0	15.615918723966658	0.0	1.7559800913312524	0.0	0.3138797692088173	0.0	0.0
AGTGACCCAGAATCGCACTTTAGG-1_2	415.98403094417705	0.0	0.0	32.11880263510678	0.0	2.950932705489717	0.0	0.0	0.0	0.0	0.0	110.36225618746276	0.0	72.05138086333291	0.0	0.0	0.0
ATAACCAAGGTGAGCCACTTTAGG-1_2	42.9389807329251	49.413002325435166	120.39036194828601	38.60131547988764	0.0	0.0	8.47968996679403	33.47222323101527	5.54200708532383	0.0	5.454224966152451	0.0	7.488266099924535	12.271343308165918	0.0	0.0	0.0
ATAAGCCAGAGCAACTACTTTAGG-1_2	495.6848984028066	14.693586810716038	152.84585669812716	47.141420902681155	0.0	0.0	0.0	0.0	0.0	0.0	0.0	0.0	6.974205471827752	0.0	0.0	0.0	10.55411418039628
ATAGAAGCAGTGAGGAACTTTAGG-1_2	141.67638224525876	87.47244041850215	0.0	46.61116251985385	0.0	18.122440387918754	0.0	0.0	33.993614876804386	0.0	0.0	57.61113126276011	12.056955782237367	0.0	40.96201003184947	0.0	0.0
ATATAGCCATGGGTTAACTTTAGG-1_2	256.67140061249944	0.0	383.98071960477296	0.0	0.0	0.0	0.0	0.0	12.09673218334437	0.0	0.0	5.1130298286915945	0.0	0.0	0.0	0.0	0.0
ATATCGAAGGGTTTGGACTTTAGG-1_2	0.0	458.62168328390914	5.000660322076213	0.0	47.82065968116074	0.0	0.0	0.6395593973102641	0.0	0.0	0.0	0.0	9.188435258153916	5.509061692244922	0.0	263.23593528062696	0.0
ATCAGGTAGAAACTCAACTTTAGG-1_2	0.0	0.0	515.8577980000724	0.0	0.0	0.0	0.0	0.0	17.54440511690109	0.0	0.0	0.0	3.228712369473863	0.0	0.0	16.212248988897898	0.0
ATCGCGCGTTTACCGGACTTTAGG-1_2	0.0	32.88273654244529	0.0	0.0	324.8123792124671	0.0	407.06050301803083	0.0	0.0	0.0	0.0	0.0	0.0	0.0	0.0	0.0	0.0
ATCGCTCAGGAACCATACTTTAGG-1_2	73.09916987787193	98.76280606973415	0.0	42.58186138957026	0.0	55.26908947402031	0.0	0.0	7.88591976749041	0.0	78.51226014080271	37.61650375219756	0.0	7.634422111783887	0.0	0.0	0.0
ATCGGGCAGGACAACTACTTTAGG-1_2	0.0	0.0	0.0	0.0	0.0	0.0	0.0	0.0	0.0	0.0	0.0	0.0	0.0	106.03180992418692	744.642867947287	0.0	0.0
ATGAAAGCATTTGTTGACTTTAGG-1_2	118.50475066003884	60.686824424783154	0.0	28.95041287394641	20.90526293765936	16.93663085816242	21.15612908890271	0.0	30.001277428622515	1.3668279424827587	0.0	0.0	24.510748443223992	0.0	10.998882129926075	0.0	0.0
ATGAGGAAGTCTGTGCACTTTAGG-1_2	169.48701024647852	26.8266252119513	0.0	0.0	0.0	0.0	0.0	23.98323590372364	24.924682966645218	63.22077461247488	20.867090418782254	25.59492190756465	0.0	40.224180235518865	0.0	0.0	0.0
ATGGCCTTCCAAAGGTACTTTAGG-1_2	204.88384128861347	33.89663831827788	0.0	0.0	0.0	0.0	30.562074545816564	36.84063488505364	42.3071165854836	34.499424604912655	20.356545770424795	0.0	0.0	9.854806364714777	0.0	0.0	0.0
ATGTGGGTCCGCCTCTACTTTAGG-1_2	144.99865717007214	77.78723228789646	0.0	2.5160379803569284	52.96417620957885	66.88731019601151	0.0	0.0	12.61664831378304	55.852665312638834	0.0	0.0	0.0	7.808112786579184	0.0	0.0	9.900759447447086
ATTATGGAGTGTTTGTACTTTAGG-1_2	108.96762679347505	65.0274103340943	0.0	0.0	0.0	25.943464004994436	14.216092514814521	0.0	37.03156378758032	29.38057630157321	6.160898668234856	0.0	0.0	0.0	9.963902682087618	0.0	0.0
ATTCGATTCTAAATCCACTTTAGG-1_2	38.93257882933572	294.67155273954796	0.0	0.0	0.0	0.0	0.0	0.0	0.0	0.0	0.0	12.072661008391476	0.0	0.0	0.0	437.08877989260316	0.0
ATTGATGAGCAGGCTAACTTTAGG-1_2	72.96962187782651	62.70749758368913	0.0	35.54608493761957	26.394662416713793	61.44989363967241	7.624276935967153	18.95473730894629	0.35668211688136986	5.666689112939698	0.0	0.0	25.87997427254361	0.0	15.983849032341876	0.0	0.0
ATTTAGGAGGAAGCCCACTTTAGG-1_2	110.74417137513001	49.569151426910835	0.0	35.483642842889026	0.0	0.0	37.87698289905142	0.0	34.58116898376265	0.0	8.28446227499882	0.0	0.0	18.349517086857723	0.0	0.0	0.0
CAAGCGATCTAATCACACTTTAGG-1_2	125.03314802842101	53.500343444572366	0.0	42.61657860994641	32.937252708653816	50.954119858544914	0.0	0.0	0.0	2.8549434022861955	22.777050747316075	14.820598626498374	0.0	32.73380911488575	0.0	0.0	0.0
CAATACTTCTATGCATACTTTAGG-1_2	77.47908872320696	81.45854219540088	0.0	79.32824674619255	42.08656152857337	21.73501931900116	0.0	0.0	6.2236940798249885	0.0	18.166174167866387	0.0	0.0	18.164207869643178	0.0	0.0	1.2236502118125543
CACAAGCCAGGCAACTACTTTAGG-1_2	160.95220089212364	52.56640553046544	0.0	30.58982839211071	0.0	0.0	44.06508435765211	7.595445263919542	59.99510069929219	0.0	12.219179264745376	0.0	0.0	7.11454528525389	0.0	0.0	0.0
CACGTTATCCCAGACTACTTTAGG-1_2	0.0	0.0	816.3373474318058	0.0	0.0	0.0	4.175165646130241	0.0	3.3584500281127263	12.242645015919464	0.0	0.0	0.0	0.0	0.0	0.0	0.0
CAGCTGGCAGTTATGGACTTTAGG-1_2	79.74073338465706	48.36007715247257	43.22619793731372	68.28050278082351	42.551716043735645	0.0	0.0	58.37741090734336	0.0	0.0	13.113118509104268	0.0	0.0	0.0	3.616447128764572	0.0	0.0
CAGGGCAGTCAATCGTACTTTAGG-1_2	0.0	70.67270063660855	43.3347547654084	329.2948512552918	31.901940402348608	31.564541667145775	0.0	0.0	0.0	0.0	0.0	0.0	7.0007352604289235	9.54619908717222	0.0	0.0	0.0
CAGGTTCTCGCTCAGTACTTTAGG-1_2	44.2107133320933	36.71102332876191	51.65440102387556	79.64096947475926	30.759666960992124	0.0	0.0	36.45829365320939	2.960164609334201	0.0	28.782440788436634	0.0	0.0	0.0	10.986187152700035	0.0	0.0
CAGTATTTCCTGGAAGACTTTAGG-1_2	388.82744496245726	8.062224058098543	0.0	30.130426674428456	0.0	46.92404179886317	0.0	0.0	13.403511238932893	0.0	0.0	35.78893049974357	0.0	23.176157860564413	0.0	0.0	0.0
CAGTGTGAGGTGAGAAACTTTAGG-1_2	74.37117833840847	97.90660396617578	24.273737378524526	36.90153354338916	0.0	5.032465735804501	14.690047866536778	0.0	51.98867634693213	0.0	0.0	10.763403707093476	0.0	0.0	0.0	0.0	0.0
CATCCTTTCACCTAATACTTTAGG-1_2	239.27194063683524	58.73418431571352	0.0	22.412067051029865	0.0	0.0	26.13395344744492	0.0	0.0	46.364569337468595	0.0	0.0	9.516686393544697	11.829254495588572	0.0	0.0	0.0
CATTAGCGTATTTCGAACTTTAGG-1_2	0.0	58.91798204123323	118.27233324753283	82.87103462135069	25.667965315714106	13.185890294321377	0.0	0.0	3.1217872197466683	0.0	4.789079450155801	0.0	0.0	0.0	9.596364017950004	0.0	0.0
CCAAGACCACTTCGATACTTTAGG-1_2	153.06300203087068	81.98726579532875	0.0	27.36178079979639	51.6395307135197	9.610404973741218	0.0	0.0	42.7328532675903	0.0	29.603348092016414	0.0	0.0	0.0	1.6272693805809035	0.0	0.0
CCAAGTGAGCCATAAAACTTTAGG-1_2	111.24841084551021	77.96502551650404	0.0	0.0	0.0	5.331017133960818	0.0	58.69205301364983	0.0	31.82676701333798	71.83878274458728	16.449529754445965	0.0	0.0	16.901913227187435	0.0	0.0
CCACATTCAGTAATACACTTTAGG-1_2	175.86056286325362	26.149099981251762	0.0	0.0	0.0	0.0	35.454963608134996	33.50665073282851	13.84123567991144	36.95668049047657	0.0	0.0	3.167060477028836	0.0	2.1856456515622336	0.0	18.660340556095285
CCACTAATCGATTCTGACTTTAGG-1_2	95.05541182210516	0.9191577680052743	0.0	0.0	0.0	0.0	0.0	109.80958366070904	23.668759261083054	65.2267202674688	115.90652009417829	12.987496879502267	112.65439439904185	0.0	6.808365170069204	0.0	0.0
CCACTAATCGGGCAACACTTTAGG-1_2	0.0	4.522198750971672	512.8795577686757	0.0	0.0	0.0	0.0	0.0	0.0	8.432236543841093	0.0	14.407451441304515	4.001039250863788	3.7860297061372306	0.0	2.495997861768563	0.0
CCAGGTTTCAACTTGTACTTTAGG-1_2	0.0	0.0	418.43568812926924	0.0	0.0	0.0	5.124957849352944	0.0	4.499603168189386	13.755306782113873	0.0	0.0	0.0	0.0	13.167414009006187	0.0	11.980541640757144
CCATCAGGTTGCACTGACTTTAGG-1_2	51.16446951701027	17.878269893384203	0.0	34.02828256907273	104.11215159467908	4.70946516150585	214.67703622831598	0.0	7.824325621436081	8.738805285483867	0.0	0.0	17.042356609063606	8.217298954211515	0.0	0.0	0.0
CCATTCGCATTGCCTGACTTTAGG-1_2	24.621588915781025	104.8684518596548	72.1135808775231	33.56388956847246	41.75456826553331	48.88364656198568	0.0	0.0	31.71964623656608	0.0	0.8171295083995955	0.0	17.824216081642955	0.0	13.373082040591973	0.0	0.0
CCCACTTGTAAACCCTACTTTAGG-1_2	184.88783165905298	19.422033513799477	0.0	0.0	0.0	13.814171761011997	0.0	0.0	3.581798982493943	56.73005148429794	6.789672976004001	89.62488523654521	0.0	16.916583662913823	0.0	0.0	0.0
CCCTGTTGTTAGCATCACTTTAGG-1_2	152.19245741489644	14.704952650364483	0.0	46.1491499307257	0.0	0.0	0.0	17.984529904633202	34.748998417990634	0.0	0.0	46.28780151180228	16.037304070977168	8.804650713407286	0.0	0.0	0.0
CCGGTACGTTGAGTCTACTTTAGG-1_2	86.47246787619774	84.321223372804	0.0	2.9004951225311357	51.04113963423591	30.22922786004986	0.0	0.0	27.149936034747338	10.071777104199128	5.752850417792302	0.0	0.0	0.0	9.349945615595564	0.0	24.36600091227902
CCTCAATCAACATAGTACTTTAGG-1_2	81.27774941715803	19.838081612268752	453.4879912067754	5.978269807624046	0.0	5.29044581628804	0.0	0.0	3.7205893066044524	0.0	0.0	0.0	0.0	4.691228929660409	0.0	0.0	0.0
CGACTTTCAAATCACGACTTTAGG-1_2	65.74202647932556	61.829772531757264	0.0	0.0	0.0	18.761452728918503	0.0	0.0	26.40198589954966	23.690570769064195	0.0	48.201604049049465	23.14318882881951	27.57949051101345	0.0	0.0	0.0
CGATTGACACGGTAACACTTTAGG-1_2	1.206064452061228	0.0	543.2597754617018	0.0	26.51411947444188	0.0	0.0	0.0	0.0	0.0	0.0	0.0	0.0	0.0	0.0	14.59091083715362	0.0
CGCACATTCATTGCATACTTTAGG-1_2	0.0	183.36247950286628	66.604408298476	0.0	13.15085942122804	53.3992199782265	0.0	0.0	0.0	0.0	0.0	0.0	8.119421601956912	0.0	75.26743813490508	0.0	0.0
CGCAGCACACTAGTAGACTTTAGG-1_2	75.89098219987241	27.920824129411848	51.83452011203468	29.266415801021726	40.48730309045919	0.0	0.0	0.0	50.96977485817599	0.0	9.549770199904074	0.0	0.0	0.0	10.1023468610599	0.0	0.0
CGCGACACAAGCGAAGACTTTAGG-1_2	83.74122956101341	50.61890363593133	0.0	113.39949121386688	0.0	0.0	21.00931212724765	22.651165111888275	0.0	0.0	0.0	11.996327685780267	0.0	0.0	13.433150610605027	0.0	0.0
CGCTGGACATGTGGCGACTTTAGG-1_2	197.09564844950597	46.45156919607335	0.0	93.45608108532305	0.0	0.0	0.0	50.94495724540337	0.0	0.0	2.56613719422302	40.744839683574355	5.187449597920873	10.654338187718018	0.0	0.0	0.0
CGGAACCAGTCTAACTACTTTAGG-1_2	0.0	0.0	0.0	0.0	0.0	0.0	0.0	0.0	1221.3897164384693	0.0	0.0	0.0	0.0	0.0	0.0	0.0	0.0
CGGTCAAAGGCGAGAGACTTTAGG-1_2	162.1191295395752	65.72366632207567	0.0	7.673350602857819	0.0	0.0	9.465813095639714	47.19186470336106	0.0	58.58218129450459	0.0	15.295727985567583	0.0	24.887560682750973	0.0	0.0	0.0
CGTAATCGTGGACACGACTTTAGG-1_2	0.0	71.06577441196119	58.994941151323744	0.0	0.0	0.0	80.53109914270743	26.466622704554293	0.0	7.119502288798512	4.39903920656165	0.0	28.613623783421733	13.870918849000201	0.0	0.0	6.759426685632626
CGTAATTTCCTGGAAGACTTTAGG-1_2	60.4009657186111	61.0152109115188	18.18764530900195	24.819745610707862	0.0	0.0	13.194083785461466	0.0	41.482738844609436	0.0	0.0	16.52735340241166	18.20785742184801	0.0	0.0	0.0	0.0
CGTGTCCCATTGCATCACTTTAGG-1_2	88.876257724119	82.05750137200381	0.0	23.01410845917292	0.0	38.52368033870379	0.0	0.0	33.388506436213525	0.0	0.20647337591110967	31.400933970725777	0.0	5.956806602050667	0.0	0.0	0.0
CGTTATGTCGCCTCGAACTTTAGG-1_2	0.0	0.0	0.0	0.0	0.0	799.5665676999474	0.0	0.0	0.0	0.0	0.0	0.0	0.0	0.0	0.0	0.0	0.0
CGTTTGGGTGACCTTGACTTTAGG-1_2	436.6185518326714	0.0	0.0	0.0	0.0	7.243973920444113	0.0	0.0	4.1152751131122445	0.0	0.0	17.976102848480444	0.0	67.14912297283239	0.0	0.0	0.0
CTAAGTGCATCCGCTAACTTTAGG-1_2	271.1068778346189	0.0	439.710433497628	0.0	0.0	0.0	0.0	5.782221008915414	0.0	0.0	0.0	4.667819119241635	2.7018602586553153	0.5262731340456419	0.0	0.0	0.0
CTACCCACAAGTTAACACTTTAGG-1_2	0.0	0.0	0.0	0.0	0.0	0.0	0.0	0.0	0.0	0.0	0.0	0.0	1421.3787451597082	0.0	0.0	0.0	0.0
CTATCCGCAGCAATTGACTTTAGG-1_2	69.22314130369422	74.81910005650747	0.0	60.4412596893965	44.95738327315059	0.0	0.0	36.583358471380066	0.0	0.0	0.0	0.0	0.0	0.0	8.48374843905712	0.0	0.0
CTATGCTCAATGTGGCACTTTAGG-1_2	0.0	1.3494923266600711	20.445932900717228	2.404831249349927	0.0	0.0	573.4518006725561	5.388401580973853	3.7447311885655714	0.0	2.6206409726649382	32.28337478499556	0.0	0.0	16.629521820197034	0.0	0.0
CTATTACAGCCACTCGACTTTAGG-1_2	496.6690746761168	11.915354331055452	0.0	0.0	18.66588191138357	12.514382310860087	0.0	0.0	5.747417435634231	0.0	0.0	0.0	0.0	0.0	1.9601207875351994	0.0	4.908066456656016
CTCAACATCCAAATAGACTTTAGG-1_2	119.46556230524615	57.68287698905579	0.0	90.04535850985933	33.53131454374588	9.505825671605965	0.0	0.0	39.86492249363929	0.0	0.0	0.0	10.736848288730814	3.5154988872392408	0.0	0.0	0.0
CTCATTACAAGCTTTCACTTTAGG-1_2	310.2194389400742	11.154552110030492	0.0	0.0	0.0	4.245761205893225	26.607396145820676	1.3984000960878993	0.0	18.194569942717198	0.0	0.0	0.0	11.56981552016935	0.0	0.0	0.0
CTCCATCGTTTGTTGAACTTTAGG-1_2	487.3652132978803	38.25538212755447	0.0	25.7253410734319	11.104511626621917	0.0	0.0	68.26470178331816	0.0	0.0	0.0	0.0	0.0	7.080595070442777	0.0	0.0	0.0
CTGATCCAGCACGTTCACTTTAGG-1_2	114.13778097717986	57.37555267080308	0.0	0.0	64.2795260566054	0.0	0.0	2.918090754337745	51.511829781274656	56.372162740634124	0.0	0.0	8.672029907989037	19.934934831042913	0.0	0.0	0.0
CTGCAACTCAGGGATTACTTTAGG-1_2	0.0	0.0	557.1173887621719	4.708538732949933	0.0	0.0	0.0	0.0	14.507502523892304	0.0	0.0	3.6883498650325297	0.0	0.0	19.65665902091596	11.446009610543161	0.0
CTGGTTATCTCTCGCCACTTTAGG-1_2	85.46669620762695	32.46140381584209	0.0	108.91451058617254	3.3061401961689767	0.0	3.3309603957005205	21.53762512791664	9.72362608438099	0.0	0.5628325705932901	21.423593294798344	0.0	3.6532014129079258	10.508733094527289	0.0	0.0
CTGTTTACACCATCCAACTTTAGG-1_2	134.50928528858336	78.36791191400076	0.0	0.0	0.0	0.0	0.6713165476332297	0.0	18.003916814146248	103.47642333459972	0.0	0.0	0.0	23.90611099592574	0.0	0.0	108.4557492577885
CTTCAATAGGTAAGCTACTTTAGG-1_2	73.20781538851982	42.39229794385335	0.0	70.07626018502826	268.42903365126995	0.0	0.0	4.395247353413764	4.393573906216515	0.0	10.530795499636023	0.0	0.0	1.0709883072037405	0.0	0.0	0.0
CTTGCTGCACATGAATACTTTAGG-1_2	39.71555819140676	18.324933359813723	0.0	0.0	0.0	79.66028545238505	0.0	0.0	17.68109418933196	52.26767010802105	163.64914163898413	43.14162062854494	0.0	37.68992203095569	0.0	0.0	0.0
CTTTAACAGGGTTTCCACTTTAGG-1_2	253.88776384458222	15.264565841826501	0.0	0.0	0.0	0.0	73.35758898106266	0.0	0.0	45.13959502877463	5.649372341188016	0.0	0.0	28.73119896060155	0.0	0.0	0.0
CTTTAACAGTCGAAGTACTTTAGG-1_2	121.45786931099481	46.56331097232031	0.0	0.0	0.0	0.0	40.00479451575415	46.768521294068954	43.78240221221129	29.228299207277917	0.0	0.0	0.0	11.763472936344249	0.0	0.0	0.0
CTTTCGTTCGCAACGAACTTTAGG-1_2	91.1975248262834	80.73252528879023	0.0	154.89307322464273	29.50522464573145	0.0	0.0	38.333750814286276	0.0	0.0	0.0	0.0	0.0	0.0	5.520270346426244	0.0	3.2164470491419572
GAACAATGTCAGGATAACTTTAGG-1_2	0.0	0.0	27.60057410033412	0.0	268.8142732191479	0.0	345.34908806805487	0.0	0.0	0.0	0.0	0.0	7.274371708087777	2.930378663046884	0.0	0.0	0.0
GAAGAATAGCTTAAAGACTTTAGG-1_2	94.42669310804463	56.59527548780909	0.0	28.002893601704507	61.56530712790097	0.0	0.0	28.44811611930305	39.828864145431396	16.19585313744321	0.0	0.0	0.0	4.098208677360739	3.609688219282732	0.0	0.0
GAAGTATGTGCGGCTTACTTTAGG-1_2	136.67111823582889	45.907649247081	0.0	28.11777766505802	15.766688831467336	20.933043812304764	24.33728562934203	0.0	36.29191559938235	0.0	14.451004229917793	0.0	0.0	9.029086764849863	0.0	0.0	0.0
GAATGACTCTGGTCTAACTTTAGG-1_2	32.230283793716794	40.40677379426873	0.0	53.487637149242666	0.0	99.55642374546568	0.0	0.0	7.4399143287055	0.0	80.60916683688227	45.42290557078988	0.0	0.0	1.856983571398549	0.0	0.0
GAATGCGTCAATTTGCACTTTAGG-1_2	132.24686141591164	70.23479921745233	0.0	15.820239199415118	0.0	0.0	0.0	11.170643335617134	25.136853475271778	0.0	0.0	36.372540020124866	16.796788704131995	5.446374183306968	0.0	0.0	0.0
GACAGGGAGGAAGCAAACTTTAGG-1_2	58.272167831329035	45.00665746408225	0.0	0.0	0.0	32.915260755877256	19.76817357918735	0.0	25.22754409354331	17.08179653083856	42.616940257411564	0.0	0.0	0.0	0.0	0.0	0.0
GACCGTGCAACTAAGTACTTTAGG-1_2	92.71766009226778	48.47853248004009	0.0	0.0	0.0	14.41718182431932	0.0	0.0	22.700184755429138	26.40580965110395	0.0	65.57272738864292	23.668032657356196	0.0	0.0	0.0	0.0
GACTAAATCTGGTCTAACTTTAGG-1_2	126.40185581049677	87.0410186989661	0.0	37.99509412370716	0.0	12.484082528145747	0.0	0.0	53.4980875853157	0.0	0.0	54.06368283861851	3.8285497974883382	9.098768554413795	0.0	0.0	0.0
GACTCAACAGATTGCAACTTTAGG-1_2	21.5047198183435	35.56928442054981	91.64671621155203	52.20604265194852	0.0	34.56484327913627	0.0	0.0	0.0	0.0	0.0	23.95602998948878	25.238544778177122	0.0	0.0	0.0	0.0
GACTTACGTCATTATGACTTTAGG-1_2	158.47143156546338	31.418301239230946	0.0	30.427581280545752	53.47591249116289	13.103158795029108	0.0	0.0	10.648050051134879	0.2912342999464483	21.865038104954465	0.0	0.0	5.319524231104432	0.0	0.0	0.0
GACTTACGTTAACGAGACTTTAGG-1_2	26.587695260033527	44.73720024044684	0.0	0.0	45.15279854152888	28.63355262059433	0.0	0.0	31.282162675130106	12.15067621591901	59.619167910479035	0.0	0.0	0.0	0.0	0.0	0.0
GAGCAAGCACCATCATACTTTAGG-1_2	62.57010302391995	0.0	0.0	75.97185729535154	0.0	0.0	38.94791480142877	76.28777673395007	16.37136921650524	0.0	119.09302889254765	0.0	0.0	1.8770929525152176	0.0	0.0	0.0
GAGCTATAGCGCTCCAACTTTAGG-1_2	67.06712186069743	60.05210638261743	0.0	46.08400574276763	0.0	54.27875725026174	0.0	0.0	8.857390522402472	0.0	80.609541419815	47.40039821574345	0.0	43.11719865063355	0.0	0.0	0.0
GAGGAGTAGCAATCGGACTTTAGG-1_2	0.0	0.0	0.0	0.0	124.97257495243538	0.0	726.6722021279486	19.152010839939354	2.166152634465215	0.0	0.0	0.0	0.0	0.0	0.0	0.0	0.0
GATATGATCCTGTTCTACTTTAGG-1_2	0.0	48.46825949552588	105.62043949427054	0.0	0.0	0.0	33.35555148437642	22.415307650456157	0.0	81.03242010731651	0.0	0.0	23.27276483518868	0.0	10.174293439875639	0.0	0.0
GATCACACACCAACAAACTTTAGG-1_2	197.80815577150355	34.57220176998142	0.0	0.0	0.0	51.19714286792992	51.877684589520804	0.0	22.108194131480488	62.194372787923314	25.066527379216595	50.07964594215379	0.0	12.229430658977588	0.0	0.0	0.0
GATGGTAGTGAACGACACTTTAGG-1_2	135.22799809439513	70.98654035118054	0.0	0.0	0.0	3.385563358323406	41.38515682627098	0.0	20.55129706121471	48.18219225343325	2.817966509340187	0.0	0.0	6.291360901579663	0.0	0.0	4.375948628399766
GATTAGTCAACAGAGGACTTTAGG-1_2	280.5350814391017	14.075278208963509	0.0	0.0	0.0	0.0	32.74682970307538	0.0	19.683574467806945	3.7458155724879134	0.0	0.0	0.0	16.260873423444362	0.0	0.0	1.5443338485114566
GCAAATTCAACCGGATACTTTAGG-1_2	114.7681332336799	54.11245430778397	0.0	70.67240102878382	0.0	0.0	46.289856355386625	52.34606283178793	0.0	0.0	0.0	0.0	16.058295884130924	5.199887362027776	0.0	0.0	4.391922885749627
GCAGCAATCTTGATCGACTTTAGG-1_2	154.052557589896	32.246257725621184	0.0	23.672402980797663	0.0	20.11947009255875	0.0	0.0	5.386709462503506	35.98113076997691	16.868344878876343	31.204791067440855	0.0	5.278639430435325	0.0	0.0	0.0
GCAGGCTAGGCGATATACTTTAGG-1_2	378.5455415560848	45.85867597846587	0.0	22.08116998267155	22.681639069391277	0.0	0.0	1.0280986845994895	0.0	0.0	0.0	0.0	0.0	0.0	11.96441215811845	0.0	0.0
GCATTTGTCGGTTCCGACTTTAGG-1_2	312.9792627555111	18.269417439942384	0.0	0.0	0.0	0.0	0.0	6.418351730536749	0.0	0.0	0.0	82.17883977423246	7.900520974473602	61.62955514151326	0.0	0.0	0.0
GCGAGCTAGTTTGCATACTTTAGG-1_2	106.59497370580998	90.39452771241962	0.0	0.0	0.0	0.0	25.695606314734274	48.13954923462725	31.531570108902528	27.029567817947857	0.0	0.0	3.3578931499549296	2.8122317841009687	0.0	0.0	3.195487769246461
GCGTTACTCCCGCTGAACTTTAGG-1_2	69.51490574531073	38.22429765986765	0.0	0.0	0.0	0.0	38.9970909703151	40.555361701743706	26.3796280043005	66.18941408501965	6.158536022227863	0.0	0.0	2.0996826991823334	0.0	0.0	0.0
GCTAACTGTGCTTCGAACTTTAGG-1_2	0.0	0.0	600.3408593104023	1.6424008870053788	16.836311399346034	0.0	0.0	0.0	0.0	0.0	0.0	0.0	0.0	0.0	0.0	0.0	0.0
GCTCACCCATCATGTCACTTTAGG-1_2	87.84858354325225	37.851759459005336	0.0	18.19821655098283	0.0	44.065635440237486	0.0	0.0	43.82298410280369	0.0	8.566349591152846	55.76053546288278	0.0	14.320708119113819	0.0	0.0	0.0
GCTCACTAGGTATAGCACTTTAGG-1_2	102.92135203829407	65.90385614783908	0.0	0.0	31.01516789184396	0.0	0.0	30.483968074542457	0.0	56.2877484183057	0.0	0.0	0.0	22.337875277301393	0.0	0.0	41.002687847132094
GCTCCATAGCCTGCCAACTTTAGG-1_2	133.42334197008492	34.23472200996374	0.0	46.69091535451326	0.0	0.0	25.693421116609954	34.29989829060006	0.0	11.38316524199085	0.0	0.0	0.0	0.0	36.41078045647204	0.0	12.817199076172445
GCTGGATCACCACACCACTTTAGG-1_2	0.0	1136.116614337942	0.0	0.0	0.0	0.0	0.0	0.0	0.0	1.8216744819083195	0.0	0.0	0.0	0.0	0.0	0.0	0.0
GCTTACATCGTCAATTACTTTAGG-1_2	122.65739476468178	73.69240921990323	0.0	12.454831639169536	38.028596484585	20.807436274321702	0.0	0.0	12.860985895032318	0.0	0.6773765015612815	19.956456790282346	9.18444064540423	0.0	4.8029376832043	0.0	0.0
GCTTGATGTTTACGACACTTTAGG-1_2	150.38961010223602	73.48452160041273	0.0	0.0	0.0	8.81775103278865	0.0	0.0	10.07358531130269	50.03628421936062	0.0	30.533109632269102	0.0	9.926696528574968	0.0	0.0	0.0
GGAACCGGTATAGTGGACTTTAGG-1_2	99.83965415457845	55.086526245526365	0.0	0.0	12.752011668310656	14.389481630862438	0.0	0.0	28.93280891054976	33.21112137364591	3.1942985631885157	30.677796181095427	0.0	0.0	2.6426348307380523	0.0	0.0
GGAAGCCTCGTCCCGAACTTTAGG-1_2	0.0	0.0	519.0560562262604	0.0	0.0	0.0	1.4779935064659961	0.0	10.309866966967377	6.452226291325613	0.0	0.0	0.0	0.0	2.7374087177725785	36.28799949615094	0.0
GGATTGCCAGAATCGCACTTTAGG-1_2	150.205305898678	47.69310404638505	0.0	38.55952643218299	13.478719919136237	30.209582025704538	0.0	0.0	17.127770088384082	18.539853351892795	0.0	24.741036309247807	14.433544294955187	0.0	4.883320142885048	0.0	11.80297685422493
GGCAATCCAAATAAGGACTTTAGG-1_2	0.0	38.69992869044512	66.25146740193395	75.0487929386013	8.084762902332347	0.0	0.0	19.133332894810273	5.772652831631612	0.0	0.0	28.603068077363066	0.0	0.0	16.237258885826844	0.0	0.3974336213384097
GGCATGATCGACTTTGACTTTAGG-1_2	331.32283575003714	32.317621381216185	112.92939114754277	0.0	0.0	3.6495094416219094	0.0	0.0	0.0	0.0	0.0	0.0	0.0	0.0	0.0	0.0	0.0
GGCATTTGTAATGCCTACTTTAGG-1_2	330.4624924208785	0.0	0.0	0.0	0.0	0.0	18.269096827306623	3.558641470041032	0.4506458641180063	10.578895483957668	4.987571099719774	2.5432266061224724	0.0	0.0	0.0	6.334434096227919	0.0
GGCCTTTAGCAGGTTGACTTTAGG-1_2	120.52475751868809	61.8727246205304	0.0	35.498514688746084	0.0	23.20732568490691	0.0	0.0	48.86720142214261	0.0	5.7421272666158	11.793936568233475	1.3717313288203978	5.857555711713357	0.0	0.0	0.0
GGCGAATGTAAACCCTACTTTAGG-1_2	124.25495768197261	20.05676579937625	0.0	0.0	0.0	27.408263708953246	33.798248667144605	0.0	33.330972911602075	92.83697106467305	25.015520044269557	0.0	0.0	6.629690373562286	0.0	0.0	0.0
GGCTGATCAATTGAGTACTTTAGG-1_2	115.24095631499071	27.121166656198074	0.0	7.153329835906938	51.31240911344938	18.53981363153509	0.0	0.0	26.121710509538868	50.98690348792786	29.5372204253824	0.0	0.0	7.81963086785275	0.0	0.0	0.0
GGCTGATCACCTACTGACTTTAGG-1_2	51.989528434331675	45.83092054289604	0.0	88.32820210446641	0.0	142.5672363916879	0.0	0.0	10.805718553381762	0.0	143.30381739102825	41.837236789702814	0.0	22.418371202592052	0.0	0.0	0.0
GGCTTAGAGGTTAGGTACTTTAGG-1_2	9.166715272453295	573.7514575873804	0.0	11.98384586130664	14.76649462934048	0.0	0.0	1.4103301383376343	0.0	0.0	0.0	0.0	0.0	3.4845123073626803	0.0	180.8792632375351	3.7793723962990464
GGGATGGAGATAGCTAACTTTAGG-1_2	126.92935511972911	46.69765031950254	0.0	29.204427434548283	0.0	31.640651323532236	0.0	0.0	52.99245642807409	0.0	0.0	42.52849630612506	1.5468052706714697	6.777224992992779	0.0	0.0	0.0
GGTGTGATCCTAAGTTACTTTAGG-1_2	75.82365479985799	85.06612957359235	0.0	0.0	0.0	0.0	45.357432303520966	16.673019186688332	6.086328476361608	70.64444558493213	0.0	0.0	0.0	8.072367657887778	0.0	0.0	11.893810609416123
GGTGTTTGTACGAATGACTTTAGG-1_2	102.5465104422812	27.079043280810676	0.0	0.0	232.49109598978427	2.5178022704779797	0.0	0.0	14.803006419986215	31.84113681256535	0.0	70.81150614068575	11.784523572461248	3.5722910504342296	0.0	0.0	0.0
GGTTACCTCGGCTAAGACTTTAGG-1_2	107.37576650752602	44.91532896962043	0.0	66.28081717287654	48.6329779208148	0.0	0.0	38.932113333872906	24.54096725294568	0.0	9.052409637283494	0.0	9.13035926146879	0.0	24.41975000408966	0.0	0.0
GGTTGACCAATAGAAGACTTTAGG-1_2	95.55386272956443	85.06750648165915	0.0	81.7063228552116	21.582068674997288	1.199526557177079	0.0	26.780201405180158	0.0	0.0	0.0	0.0	48.31072309572778	0.0	8.576804699163509	0.0	0.51721373628195
GTAACCTGTAACGTGAACTTTAGG-1_2	125.38989877157924	56.93091343319932	0.0	33.755580219074936	0.0	10.869259945569521	18.628569931263574	0.0	43.00541684310454	0.0	16.930164624771983	14.954393057134679	0.0	23.728268153587624	0.0	0.0	0.0
GTACCTATCCTTGTTCACTTTAGG-1_2	72.1462998245316	38.708364657086065	8.967079739023985	54.366001521433425	18.868602304923584	0.0	0.0	20.87173871326179	6.399805405054938	23.840271754701426	0.0	0.0	0.0	0.0	6.830186432304503	0.0	18.71014402075843
GTTAGCGAGCTAAATGACTTTAGG-1_2	0.0	0.0	527.9984760175919	0.0	0.0	0.0	0.0	2.434107415323951	1.1053340189377825	10.939779405702039	0.0	0.0	0.0	0.0	0.0	0.0	0.0
GTTCCATCAGCTCGCTACTTTAGG-1_2	537.8915855078399	0.0	0.0	0.0	1.241195878277627	0.0	0.0	7.082157041678984	0.0	0.0	0.9235625246547302	0.0	0.0	0.7509737197380483	0.0	0.0	0.0
GTTGGATAGGGCGGTTACTTTAGG-1_2	208.32365516243252	117.19902360267353	0.0	0.0	0.0	0.0	46.34662981191752	32.916281520507404	46.34259607578853	26.362365047842513	8.718623394064178	0.0	0.0	10.725285550694128	0.0	0.0	0.0
GTTGTTGTCGATTAAGACTTTAGG-1_2	154.09579928197996	23.798413528345346	0.0	33.696911560964196	46.73865914224132	13.994167259013446	0.0	0.0	18.673496889665575	0.0	1.237193856732823	0.0	0.0	0.0	0.0	0.0	0.0
GTTTGGGAGCAAATTGACTTTAGG-1_2	37.738011704235895	21.90952172555425	0.0	51.52274890126992	0.0	90.55866535268117	0.0	0.0	0.0	0.0	31.734717566311748	6.830489121005372	0.0	0.0	0.0	0.0	0.0
GTTTGTCCATTGCCCAACTTTAGG-1_2	0.0	0.0	801.830713205164	0.0	0.0	0.0	0.0	0.0	0.0	0.0	0.0	0.0	0.0	0.0	0.0	0.0	0.0
TAACCAAAGCATCTATACTTTAGG-1_2	99.10245045228525	57.16102905557761	0.0	30.85068936929299	0.0	19.794515298137302	0.0	0.0	46.66661433811678	0.0	14.901517055985204	48.2739553379734	0.0	11.786483430179997	0.0	0.0	0.0
TAACGTTTCAGCATGGACTTTAGG-1_2	0.0	9.275170617045587	12.827994566403916	0.0	0.0	641.562009742856	0.0	0.0	0.0	0.0	0.0	0.0	15.496187164559993	0.0	24.464310184866097	0.0	0.0
TAAGGTTCAGCAATTGACTTTAGG-1_2	0.0	49.97870714731096	95.97085555926502	78.53318550920018	25.15403367856255	0.0	0.0	39.682707782868356	0.0	0.0	0.0	0.0	34.623647485625675	3.444652410688296	0.0	0.0	1.9302114968408581
TACCAGCTCATAATGGACTTTAGG-1_2	323.62246434415846	8.377866080481466	254.03923345923204	0.0	20.59076668770571	15.626062173296296	0.0	0.0	0.0	0.0	2.8695280146072872	0.0	0.0	0.0	0.0	0.0	0.0
TACCCGGTCTGTGACCACTTTAGG-1_2	80.51429455262112	0.0	514.2577932612677	0.0	0.0	0.0	0.0	0.0	3.7217288168305953	0.0	9.932438893513243	0.0	0.0	0.0	0.0	0.0	0.0
TACCTGCAGACAGACTACTTTAGG-1_2	223.5310613425428	6.9276601267995925	202.71471610053916	14.098411897004079	0.0	0.0	3.0573599872876245	13.651155097778231	50.09415563859042	0.0	0.0	27.960528176999464	0.0	4.678063072311221	0.0	0.0	0.0
TACCTTTGTTAACCACACTTTAGG-1_2	82.54006763817468	64.39220025473995	13.536946408316675	25.82976753928927	38.54694466541604	8.170562897914785	0.0	0.0	22.819076427197142	0.0	18.936284014494877	0.0	0.0	3.915146735970374	0.0	0.0	0.0
TACTCACCATCACGAAACTTTAGG-1_2	519.1261400382748	1.8795795154621777	0.0	0.0	0.6913506793273839	12.412272909698734	0.0	0.0	4.828607481301539	17.812646984824017	13.113209348558865	0.0	13.270082260519338	0.0	0.0	0.0	0.0
TAGTCTCCAAGCGATCACTTTAGG-1_2	1.365604609551862	0.0	0.0	0.0	29.539312508366294	0.0	4.473462068397214	8.12710110060758	5.401495994634107	415.2076780914793	7.834421639072718	0.0	0.0	0.0	19.977593580313204	0.0	0.0
TAGTTGTTCCGGATAGACTTTAGG-1_2	0.0	0.0	0.0	0.0	707.579990410994	0.0	30.235880579458083	0.0	0.0	0.0	0.0	0.0	0.0	0.0	0.0	0.0	0.0
TATACCTAGAAACCCGACTTTAGG-1_2	0.0	0.0	471.696928694256	0.0	0.0	0.0	28.90729629300906	13.040742363922686	40.77007973265902	25.221806364352446	0.0	0.0	0.0	0.0	8.9898033300588	0.0	0.0
TATATCCAGGCTTAAAACTTTAGG-1_2	28.609598599181243	28.861953505582996	98.91959259927485	97.15490179602503	49.98856302088786	2.9340759204753977	0.0	27.751108564045634	0.0	0.0	0.0	0.0	29.29011026954363	0.0	6.7132777440698925	0.0	0.0
TATCGCTCACCACAAAACTTTAGG-1_2	171.46935869512757	124.99726192546426	0.0	45.77772849330853	0.0	19.145322661968425	0.0	0.0	8.02470496845855	0.0	0.0	31.565964712608697	0.0	41.06585606542625	0.0	0.0	0.0
TATGACTTCATCCAGCACTTTAGG-1_2	227.53322660226144	54.04307986064072	0.0	0.0	0.0	0.0	20.584093728439413	9.66507792361216	0.0	20.15903897502868	0.0	0.0	3.6758949119529634	9.889340226446846	0.0	0.0	21.052299961531453
TATGTCCCATGAGCTAACTTTAGG-1_2	0.0	0.0	0.0	26.94873608014659	0.0	100.1568227789915	11.72552487071044	0.0	0.0	0.0	598.2825539383373	0.0	0.0	0.0	40.6154961906423	0.0	0.0
TATTGCCCAAGTTGCAACTTTAGG-1_2	86.63146534719043	60.45425065638314	0.0	163.44352682534046	0.0	0.0	0.0	29.47713471254768	2.529880201137458	0.0	0.0	63.45477299026397	14.296188596736043	6.727487006357348	0.0	0.0	0.0
TCAACTAGTGCATCGCACTTTAGG-1_2	75.18297388882945	37.37487064142245	0.0	33.378447701730984	0.0	44.245008749581416	0.0	0.0	0.0	0.0	87.56345388457297	38.92518799234736	0.0	0.6388242473953006	0.0	0.0	0.0
TCAATGGCATTTGCTAACTTTAGG-1_2	0.0	7.6235128408403146	32.89845160453007	24.576666948449184	4.236325019712691	0.0	0.0	374.84561651012365	0.0	0.0	0.0	0.0	0.0	2.908564884654823	0.0	0.0	0.0
TCACTCGCACCTACTGACTTTAGG-1_2	96.8979353731674	46.950469592435134	0.0	0.0	0.0	6.8640380600287365	36.36601627816033	0.6939774663634571	28.84550591113224	22.875388909376625	0.0	0.0	0.0	6.5957893337898135	0.0	0.0	0.0
TCATGAAAGCTCAAGGACTTTAGG-1_2	0.0	0.0	0.0	0.0	0.0	0.0	0.0	1040.1910427869973	32.8678021482313	0.0	0.0	0.0	11.803869074537348	0.0	0.0	0.0	0.0
TCCAAGTGTAATGCGAACTTTAGG-1_2	0.0	0.0	0.0	0.0	0.0	0.0	915.7291562519345	0.0	0.0	0.0	0.0	0.0	0.0	0.0	17.59214238320973	0.0	0.0
TCCATTACATAAGCTGACTTTAGG-1_2	0.0	0.0	0.0	0.0	0.0	0.0	0.0	1092.6709518340328	0.0	15.469995202534465	0.0	0.0	0.0	1.235739711300061	3.7849725310633424	0.0	0.0
TCCTTCTAGTTGACGGACTTTAGG-1_2	38.72301172041463	49.34439493860098	0.0	0.0	0.0	115.088767605097	0.0	0.0	0.0	40.20732356965313	91.65903922437046	58.57562230236383	40.55056016133038	0.015300112090209508	0.0	0.0	0.0
TCGCGCTCATAATGACACTTTAGG-1_2	208.41189173947893	49.8958943352815	0.0	0.0	0.0	0.0	58.41776520731926	16.569823770178807	6.497830572246508	106.09693718954072	0.0	0.0	12.845219138704692	36.399780381016186	0.0	0.0	0.0
TCTAACAGTTTCAGGTACTTTAGG-1_2	42.50355929875691	67.25475896613001	95.03805635367466	53.61776066612967	38.364736814196895	3.4492240560607472	0.0	7.888028895120545	17.412823377513675	0.0	0.0	0.0	10.020342815739458	12.745594301882592	0.0	0.0	0.0
TCTCGCCTCCTTTGGAACTTTAGG-1_2	101.10583992162954	57.510898110316326	0.0	31.374840329563995	0.0	0.0	39.2008645893239	9.719439551735459	43.683784191729075	0.9488525446100642	8.914049422138703	0.0	0.0	0.7040901144147134	5.8701234094873875	0.0	0.0
TGAACCTGTGTTAGCTACTTTAGG-1_2	0.0	48.78504786563381	124.3679253272209	44.22535662549642	47.63137739026536	0.0	0.0	47.751046411304166	0.0	0.0	0.0	0.0	14.122404677851877	0.0	15.339262681910146	0.0	0.0
TGAAGGAAGGTTATGAACTTTAGG-1_2	2.6872705204195197	23.237382783950107	44.96075436890588	0.0	0.0	51.29309862034324	0.0	0.0	19.812046844584856	56.54879677132703	195.43238503917948	25.31349828737342	0.0	0.0	27.90248849044071	0.0	0.0
TGATTTGGTATTGCGTACTTTAGG-1_2	456.9525859852491	29.090019268315817	0.0	0.0	0.0	0.0	20.950579117400856	22.216941426222967	0.0	16.363274039239702	0.0	0.0	18.424804734903276	0.0	0.0	28.307723422021244	0.0
TGATTTGGTTTGTCCCACTTTAGG-1_2	178.02211576693006	64.82177447711992	0.0	0.0	0.0	0.0	37.50501529322935	2.809520939969824	20.490057909103047	44.389095803868976	18.7591884430154	0.0	0.0	0.0	0.0	0.0	0.0
TGCCGGTGTACGTAAGACTTTAGG-1_2	0.0	0.0	0.0	0.0	3.6679846450267086	0.0	2.3329746093554413	0.0	6.736752997501217	0.0	910.784896971004	0.0	0.0	0.0	0.0	0.0	0.0
TGCGCTAGTAAACCCTACTTTAGG-1_2	117.68034066328855	69.56686144084166	0.0	29.953389564865734	0.0	0.0	37.42551441603355	26.69277449637483	23.999964699189583	0.0	0.0	0.0	0.0	0.0	12.864730075520756	0.0	13.664808096186725
TGCGCTAGTAACTACCACTTTAGG-1_2	136.67119009225064	48.47503769919884	0.0	0.0	0.0	23.374894928134356	19.067339746536607	0.0	17.17506323476749	34.088019827845926	0.0	0.0	0.0	9.815279753037816	0.0	0.0	0.0
TGCGCTTAGGTCTTGCACTTTAGG-1_2	139.2465017683869	63.6584689129334	0.0	73.31666651928776	0.0	37.13621584957637	41.715937163314564	0.0	20.35110495207021	0.0	7.185380763830436	0.0	0.4491920612882462	0.0	0.0	0.0	0.0
TGCGGAATCCTAAGTTACTTTAGG-1_2	6.789956529349408	14.356483744084718	15.457363058398352	4.271269352205119	587.2657421777586	21.684654316338975	0.0	0.0	0.0	0.0	18.483489434928465	34.15317499613474	0.0	0.0	0.0	0.0	0.0
TGCTTAAGTTCGAATCACTTTAGG-1_2	111.78353058643533	69.34435484071855	0.0	29.5421287091548	0.0	33.95301674867589	22.5841659150396	0.0	0.0	73.28132669986515	10.079310624501518	0.0	0.0	19.441816090689514	0.0	0.0	0.0
TGGAAACTCGAAGTTAACTTTAGG-1_2	7.83718880605493	61.25440169597413	94.86536829114056	0.0	0.0	0.0	13.46854964747875	33.31772388627835	1.7706023262283075	56.95548746786383	0.0	0.0	6.3567281075451465	0.0	31.354802623735882	0.0	0.0
TGGATCGAGCAAAGCTACTTTAGG-1_2	62.323361568812444	33.66963146757442	0.0	22.273560045619313	0.0	47.62739988277433	0.0	0.0	61.964878823714535	4.055603688842658	58.350587624111384	50.02231689714591	0.0	0.0	0.0	0.0	0.0
TGGCGTGCATATAGGTACTTTAGG-1_2	77.99448371218074	53.3131857578386	0.0	57.24177201342805	0.0	0.0	45.48879628958375	41.22086584851487	20.367314326227525	0.0	0.0	0.0	8.114451471793487	37.31379602884388	0.0	0.0	47.546572095612675
TGGGTTTGTAGGTTTCACTTTAGG-1_2	627.2803865441477	0.0	0.0	7.269208244839962	32.749933406164224	0.0	0.0	2.589867929570131	0.0	0.0	3.501677355193633	0.0	0.0	0.0	0.0	0.0	0.0
TGGTCAACAAGTTGCAACTTTAGG-1_2	112.7742601831174	38.27736707477925	0.0	9.910779661059046	0.0	28.719837783777976	0.0	0.0	61.531214400509654	42.826791459138875	17.11054680103851	54.032228927540245	0.0	2.0998554294139526	0.0	0.0	0.0
TGGTTAAAGTAGCGCAACTTTAGG-1_2	522.3136759764944	83.85927829094774	0.0	0.0	0.0	0.0	0.0	0.0	4.1926424042022585	0.0	0.0	0.0	0.0	0.0	2.9731980520629224	0.0	0.0
TGTGCTGGTACTAACCACTTTAGG-1_2	34.80932104683633	15.98639955122142	0.0	68.19227031396898	0.0	187.4766859522812	0.0	0.0	0.0	0.0	153.84180725588288	45.584002774601956	51.281680825542914	0.0	19.982081994131363	0.0	0.0
TGTTAGTTCAGGCTGAACTTTAGG-1_2	133.6219711488471	59.82823962652314	29.38651531495752	71.34677082765458	56.56059029893002	4.031438099778285	0.0	40.37530901493128	10.421678294956612	0.0	3.6545806869406072	0.0	9.582549424918449	1.602328957617604	0.0	0.0	0.0
TGTTCCTTCGTCCCGAACTTTAGG-1_2	0.0	0.0	720.9645326898461	0.0	0.0	0.0	0.0	0.0	0.0	0.24070304433412065	0.0	0.0	0.0	0.0	12.143112797415377	0.0	0.0
TGTTCTTGTTATGTGCACTTTAGG-1_2	121.50482165352486	24.17812397085671	15.131320318578622	0.0	0.0	0.0	27.939302772857644	0.0	58.56194286549729	28.268117597088423	7.939318965944001	0.0	0.0	0.0	0.0	0.0	0.0
TTAGAGCAGAATGGGAACTTTAGG-1_2	25.251184128637824	66.64521495472624	117.93903623507728	65.45187583178686	68.64529698927441	23.002868260524327	0.0	0.0	12.781908397564663	0.0	0.0	0.0	0.0	0.0	8.744119625391658	0.0	0.0
TTAGCGGAGGTGAATCACTTTAGG-1_2	0.0	0.0	0.0	1159.5060556678236	0.0	0.0	0.0	0.0	0.0	53.54987356478349	0.0	0.0	0.0	0.0	0.0	0.0	0.0
TTAGGTGCAAGCCTAAACTTTAGG-1_2	82.36366180733651	86.20743348828726	0.0	26.992134251298722	0.0	5.106130736639383	0.0	0.0	35.13556150783339	0.0	2.393455259802816	35.48587308528001	11.868126358279541	11.484832580529753	0.0	0.0	0.0
TTAGGTGCATAAGTCGACTTTAGG-1_2	94.98306451927846	49.81711224870166	0.0	39.212112390398204	0.0	11.398707963722648	0.0	0.0	50.2074989703479	0.0	6.426392455737691	44.489239074323116	0.0	14.59803140749969	0.0	0.0	0.0
TTAGTTGGTATTACCAACTTTAGG-1_2	121.90905805263505	43.17708630058568	0.0	31.062713011562185	0.0	0.0	52.39190771784127	9.354713466421057	12.944299059777533	0.0	7.998478211837572	0.0	0.0	4.764809951759601	0.0	0.0	0.0
TTCAACTAGTCACCTAACTTTAGG-1_2	0.0	0.0	666.0362074875292	0.0	0.0	0.0	0.0	0.0	0.0	0.0	0.0	0.0	2.8699056073406086	0.0	0.0	0.0	0.0
TTCCTCCCACTTCGATACTTTAGG-1_2	0.0	0.0	7.73363403730874	0.0	5.456110748314439	0.0	0.0	740.2006581535593	2.3862496757908866	0.0	0.0	0.0	72.41963362770424	0.0	0.0	19.78423087511563	0.0
TTCGATTAGCAGGCTAACTTTAGG-1_2	470.8199111517932	0.0	0.0	0.0	0.0	7.742066362284659	20.053058232848752	0.0	0.0	12.923962873464736	0.0	0.0	3.2366662658201575	36.523502232199654	0.0	0.0	0.0
TTGAACAAGTTTGAGAACTTTAGG-1_2	97.2798608840888	34.64646552291428	0.0	0.0	13.07973038733922	43.83176037453014	0.0	0.0	3.2592869212946707	31.902560752048192	102.99094373887674	0.0	0.0	0.0	7.30478237486238	0.0	0.0
TTGACATTCACAAACAACTTTAGG-1_2	91.17328403187831	51.916528808479335	0.0	0.0	34.73871925048003	0.0	0.0	30.280739130830934	11.697593432848421	35.81573511727949	8.310453721256259	0.0	4.895374629813137	0.0	0.0	0.0	0.0
TTGAGGAGTCACACCAACTTTAGG-1_2	113.01976700135262	86.97800855659075	0.0	26.215404425061465	0.0	23.21483825546317	35.01258555089846	0.0	31.46654383658013	0.0	4.050379735363043	0.0	0.0	0.0	8.117958951618425	0.0	0.0
TTGAGGAGTTGCGGCTACTTTAGG-1_2	140.6944569218684	106.3922196218509	0.0	55.816882506733755	44.73695235014981	26.511826601997985	0.0	0.0	31.375334150537583	0.0	0.0	0.0	10.61508567836049	0.0	0.0	0.0	0.0
TTGTTGTAGTGAATCAACTTTAGG-1_2	0.0	38.503233477532454	8.28184226075619	3.703129029789302	0.0	0.0	0.0	622.5109736663566	11.60021240158181	0.0	0.0	22.40331036566403	31.476003780831732	0.0	0.0	0.0	6.873880441511036
TTTAGTCAGTTACAGAACTTTAGG-1_2	79.9415471237988	33.08480855826264	33.611350830770526	51.747538800542266	0.0	0.0	63.00781533823748	19.47381672548893	0.0	0.0	0.0	0.0	0.0	3.7907545927228092	0.0	0.0	24.291558984984952
TTTCACCTCCTAAATCACTTTAGG-1_2	132.20660350771666	45.19179628200878	0.0	58.32693761496771	0.0	4.0454713536547935	0.0	0.0	26.76402276006556	0.0	0.0	30.72376279750305	0.0	0.0	0.0	0.0	0.0
TTTCACCTCGTTGCACACTTTAGG-1_2	104.15547303272278	43.98706905751487	0.0	31.02275987307955	0.0	0.0	40.43487371405499	0.0	44.79431663188308	0.0	6.4639001370910485	0.0	0.0	22.509720427290674	0.0	0.0	0.0
