	1	2	3	4	5	6	7
AAAGCGAAGCGATAACACTTTAGG-1_2	0.0	645.70016363696	17.14582722097224	0.0	34.19032274571187	0.0	11.029256774405425
AAAGGTACAGCCCTTAACTTTAGG-1_2	0.0	713.6939229593156	5.012161534793294	0.0	0.0	0.0	0.0
AAATCACCAATCATCCACTTTAGG-1_2	38.171778710944444	379.36719066339026	17.708578049412356	1.764362544795541	27.216931392726405	52.12307683844811	17.809709698993558
AAATGAGCATTTGTTGACTTTAGG-1_2	4.8890197441021925	0.0	0.0	0.0	10.197532739950002	780.9680001936456	12.114272404238672
AACCAACAGGACACGCACTTTAGG-1_2	408.7258873580957	43.740813838699154	66.59058751446884	15.486718896660905	22.929060002024247	36.596959399657585	42.48081553692746
AACCTCATCGAACCTCACTTTAGG-1_2	475.5159655858254	82.86505338143807	0.0	0.0	11.362094715709278	19.55891131835637	0.0
AACTGAGGTGCTCCAAACTTTAGG-1_2	164.85970708559566	91.24961892504457	133.73411197415928	31.06179097074313	50.99924758954682	8.408232939409595	57.67324104695851
AAGACAACAAATAGGAACTTTAGG-1_2	0.0	874.9004364585564	0.0	0.0	0.0	0.4759502989734298	0.0
AAGCCTCTCAATTGGAACTTTAGG-1_2	336.32727583209174	79.80312463877262	160.18672141199914	0.0	10.967912134245234	2.1102317572502844	4.406998343623917
AAGCCTGAGTTAGTTCACTTTAGG-1_2	0.0	0.0	19.95389766272782	0.0	0.0	3.4917043233351635	987.681704423992
AAGCGGCTCTAATCACACTTTAGG-1_2	28.631086397156647	115.8253054377457	517.6410741898964	34.099969694016885	12.615601608750291	17.87398230184254	0.0
AAGGGAGGTGGTTACTACTTTAGG-1_2	0.0	0.0	0.0	781.0139654328999	0.0	241.91611321953297	0.0
AAGGGAGGTTGTTCCCACTTTAGG-1_2	0.0	175.31825643600936	26.140812693226994	0.0	361.6005980991594	0.0	20.45893985269057
AAGGTTGGTATGGTCTACTTTAGG-1_2	24.62378954916207	598.8144585900129	14.045603093142635	1.3155158757920538	0.0	9.775958324752981	43.3426284356668
AATACTGAGGTCAAGTACTTTAGG-1_2	16.893941391309554	694.8520183117294	0.0	0.0	1.368844836589029	0.0	0.0
AATCACGCATCCTTGGACTTTAGG-1_2	0.0	0.0	824.0763877521363	0.0	0.0	1.238051255908065	0.0
AATCACGCATTTGGCTACTTTAGG-1_2	10.059052293613401	87.63147399406408	59.826348330839984	15.452439959810759	35.14747655427573	27.607004819103697	528.8858049686952
AATCGCGAGGTTGCAGACTTTAGG-1_2	0.0	36.267163889055404	464.0234893659293	0.0	0.0	15.416334582992016	0.0
ACAGCGGGTTGCGCTAACTTTAGG-1_2	519.5845854634218	0.0	49.380756703795896	10.60263652772987	28.466662468529538	5.750841309996561	43.71139963751473
ACATACTTCTGGAAACACTTTAGG-1_2	662.5807208049582	0.0	0.0	0.0	4.680671266517025	0.0	0.0
ACCAATCGTTCACTCCACTTTAGG-1_2	0.0	720.1793788510058	11.274537616916477	0.4625919515043005	25.626218510477706	27.821172308488226	34.95785321277001
ACCACGTTCGGGACTAACTTTAGG-1_2	596.3872663797392	19.800798658577456	13.536342599795196	0.0	11.012838322411342	8.947111755085647	0.0
ACCGGCTGTTTCCTCAACTTTAGG-1_2	7.4906699330521525	371.1840397835324	129.2202367454111	4.7702659760016495	55.30475387256773	0.0	0.03588974275720791
ACCTCTAAGGTAGTTAACTTTAGG-1_2	393.15312211470473	87.47953611743912	56.7546795429784	24.571997991334268	13.927650005409	8.411421721357756	16.41459357729936
ACGGTAAGTCAAAGGCACTTTAGG-1_2	544.9336866629662	0.0	0.0	7.94036043631488	0.0	0.0	0.0
ACTAATGAGGAAACTCACTTTAGG-1_2	0.0	504.6407362980912	7.2305386180453874	7.478712057378115	0.0	0.0	40.87461702471438
ACTACAAAGGATTATGACTTTAGG-1_2	38.368630364436534	0.0	625.5366731238807	0.0	3.5174494243299694	3.335608882609417	10.057583550559723
ACTACTAGTTTGAGCTACTTTAGG-1_2	35.63998349886667	185.9049526660121	0.0	0.0	349.48723200549847	0.0	0.0
AGAAGCAAGTCGTTCAACTTTAGG-1_2	89.22794138111095	564.3231267446688	0.0	7.363081747388391	0.0	4.11916988921922	11.065382711720853
AGAAGGTCAGGCTATAACTTTAGG-1_2	0.0	1037.6813106707828	0.0	0.0	0.0	0.0	0.0
AGACACTAGCTAGATAACTTTAGG-1_2	955.9820642289759	0.0	0.0	0.0	0.0	0.0	0.0
AGATTAGTCAACCTCAACTTTAGG-1_2	443.2064998825285	0.0	0.0	117.31711973200129	9.921693859564929	121.2173444330921	55.46929286551363
AGCATCCTCATGGAACACTTTAGG-1_2	646.3165406102682	0.0	0.0	0.0	0.0	0.0	0.0
AGCCATTGTAATCCTAACTTTAGG-1_2	43.83598475216532	389.37917203594697	77.3619521016747	0.0	0.4731115730205933	0.0	5.818508217478126
AGCTAAATCGGGACTAACTTTAGG-1_2	0.0	19.106784192619553	602.3898157502093	5.443922819463974	5.095698731501052	0.0	0.0
AGCTACCTCCGGATAGACTTTAGG-1_2	605.32358234651	0.0	28.76719253120143	0.0	0.0	0.0	0.0
AGCTATGCAAATACCGACTTTAGG-1_2	526.7255063406668	16.772548110939333	28.82627438228296	21.748067436841367	7.2904528965623365	3.510106574342034	3.7620898347801552
AGCTGGCAGGTGAATCACTTTAGG-1_2	542.014820864934	42.13435356766897	33.8604343882718	3.637122137560756	27.553183983037652	20.80570906807173	7.241857411072876
AGGGACCTCAGTTAGAACTTTAGG-1_2	16.743526917713037	0.0	701.4666533450893	0.0	12.2002413055104	24.995879021654595	4.925697601371853
AGGGTGGAGGCCTTCGACTTTAGG-1_2	465.33376071941456	20.05601623670912	37.77569690940766	5.104709661307376	13.151310756312592	15.621563759323136	35.56209243996979
AGTAAACGTGACACAAACTTTAGG-1_2	71.7366840841674	534.5196712196712	41.44215866111291	0.0	12.83731789655573	17.789160014523514	13.647597276276871
AGTAGGCGTACAAACGACTTTAGG-1_2	0.0	706.7998628583615	0.0	1.5148489198259707	6.804058125121231	1.8577261797285274	44.56935091752454
AGTGACCCAGAATCGCACTTTAGG-1_2	46.35902464189861	99.6672972814546	445.2627779132747	15.772074561979164	110.3670259174111	0.0	0.0
ATAACCAAGGTGAGCCACTTTAGG-1_2	0.0	578.0088010939068	66.37119916802092	0.0	0.0	9.806899198202547	2.9138092037350445
ATAAGCCAGAGCAACTACTTTAGG-1_2	7.3893864786834	0.0	695.3471401403822	15.326254099581623	0.0	0.0	1.7002001298836187
ATAGAAGCAGTGAGGAACTTTAGG-1_2	404.3913164658531	61.86418202682386	78.64812706455248	22.33480880590742	30.83472339969183	8.803637261228873	59.772424906592626
ATATAGCCATGGGTTAACTTTAGG-1_2	2.0514792410659166	0.0	677.0024930841564	0.0	0.0	0.0	5.569194787270701
ATATCGAAGGGTTTGGACTTTAGG-1_2	0.0	45.51629741721832	4.849413820735764	4.153742812059048	51.385419155004534	7.376103014394197	695.1169311473246
ATCAGGTAGAAACTCAACTTTAGG-1_2	0.0	0.0	536.7353042858254	0.0	0.0	0.0	35.45829233542189
ATCGCGCGTTTACCGGACTTTAGG-1_2	6.386641662333685	0.0	0.0	0.0	760.5629117879912	0.0	14.590953946413531
ATCGCTCAGGAACCATACTTTAGG-1_2	228.5451534185042	4.0364052763515765	12.94971293557983	444.1823728090006	6.997076211237308	0.0	46.05258315278134
ATCGGGCAGGACAACTACTTTAGG-1_2	4.814715168578739	88.91222961836263	188.08545993197106	57.355711346992514	20.34593787396063	101.08571803799661	27.855108681288463
ATGAAAGCATTTGTTGACTTTAGG-1_2	632.914758351312	24.2563656135917	0.0	0.0	0.0	6.778806493047877	0.0
ATGAGGAAGTCTGTGCACTTTAGG-1_2	78.57626650404633	441.55709877386596	105.76222010968607	48.51660947220785	0.0	5.094629325143851	4.211555465624495
ATGGCCTTCCAAAGGTACTTTAGG-1_2	16.65824892316756	430.3750718741873	134.92083427445667	9.884224552540898	6.866483221692961	22.934917497169934	41.82839038980189
ATGTGGGTCCGCCTCTACTTTAGG-1_2	0.0	818.659906762876	0.0	9.253169757102993	8.705333877065204	30.846795498146165	24.84902611478501
ATTATGGAGTGTTTGTACTTTAGG-1_2	513.6545959861545	0.0	12.932648980988432	0.0	0.0	12.50997009002808	26.008551060363995
ATTCGATTCTAAATCCACTTTAGG-1_2	51.127934731065686	0.0	35.3689779243976	0.0	7.571441122203166	0.0	711.7823226367287
ATTGATGAGCAGGCTAACTTTAGG-1_2	0.0	152.88518015391443	87.03654485092298	131.38225562167437	25.20870093247554	84.17850517108795	64.26720982618647
ATTTAGGAGGAAGCCCACTTTAGG-1_2	600.1600076544177	0.0	2.5283218042287716	1.545811001997979	0.0	0.0	0.0
CAAGCGATCTAATCACACTTTAGG-1_2	0.0	603.6224675588949	28.805942723239387	0.0	18.14414429592719	35.941548297843106	0.9235816285158314
CAATACTTCTATGCATACTTTAGG-1_2	0.0	698.2465770294498	0.0	18.829326541281038	1.351331836192446	0.0	19.691421353910503
CACAAGCCAGGCAACTACTTTAGG-1_2	955.1091136917616	0.0	0.0	0.0	0.0	0.0	0.0
CACGTTATCCCAGACTACTTTAGG-1_2	0.0	0.0	886.0934438237518	0.17715622525976538	0.0	0.0	0.0
CAGCTGGCAGTTATGGACTTTAGG-1_2	0.0	793.3854741517484	0.0	19.542795110056606	0.0	14.22016104004231	0.0
CAGGGCAGTCAATCGTACTTTAGG-1_2	73.1208183033152	428.84536353295437	7.528781285723772	49.90355894752505	18.82844165017306	23.367958229288543	43.40386446001648
CAGGTTCTCGCTCAGTACTTTAGG-1_2	0.0	646.5590620367848	0.0	24.427695691699665	0.0	9.224402072239368	0.0
CAGTATTTCCTGGAAGACTTTAGG-1_2	40.80442433489973	101.68622452609846	409.249042118693	0.0	29.364302072861275	45.5153937708292	7.426044315880772
CAGTGTGAGGTGAGAAACTTTAGG-1_2	527.5042293170529	17.22384858397913	0.0	0.0	0.0	0.0	67.81042697817185
CATCCTTTCACCTAATACTTTAGG-1_2	0.0	857.9348928290314	81.70016479123883	0.0	0.0	0.0	0.0
CATTAGCGTATTTCGAACTTTAGG-1_2	107.64871926164872	555.6743490475611	2.7852855192120143	0.0	0.0	0.0	0.0
CCAAGACCACTTCGATACTTTAGG-1_2	937.7403001254099	0.0	0.0	20.07838648547134	0.0	0.0	0.0
CCAAGTGAGCCATAAAACTTTAGG-1_2	125.5208016786625	96.27663392468249	81.48875474211766	175.4189043314259	0.0	51.871130956695595	36.14349908202029
CCACATTCAGTAATACACTTTAGG-1_2	113.65229608231786	222.19098158325698	126.01696059662567	19.990965483972417	16.265308671604405	24.651034062637294	6.862559593229173
CCACTAATCGATTCTGACTTTAGG-1_2	0.0	0.0	0.0	1347.52683900511	0.0	0.0	0.0
CCACTAATCGGGCAACACTTTAGG-1_2	0.0	0.0	556.1071806743456	5.458432775422533	7.8963471211065634	0.0	6.072663487170956
CCAGGTTTCAACTTGTACTTTAGG-1_2	15.787735480871943	11.226884005692414	456.69748632417367	9.789418279498154	0.0	0.0	1.7628715675319233
CCATCAGGTTGCACTGACTTTAGG-1_2	0.0	248.35895933206334	9.171280502543661	38.47722757533128	319.6759853928845	0.0	4.892771812119378
CCATTCGCATTGCCTGACTTTAGG-1_2	533.2074293291798	0.03403268669312333	7.402823366787694	13.079651456040766	7.83325509630462	45.7981987634007	58.378333499206256
CCCACTTGTAAACCCTACTTTAGG-1_2	47.50032073272303	362.6956869396136	126.54180459656827	8.956917582660264	69.9213892632634	0.0	0.0
CCCTGTTGTTAGCATCACTTTAGG-1_2	331.4779851981781	57.30170422415983	107.67147602481987	10.831905424810763	26.583739766434654	11.193776325483675	0.0
CCGGTACGTTGAGTCTACTTTAGG-1_2	540.9639380426285	28.69019645320977	0.0	11.064332811748162	11.327206422147762	24.638884966351647	22.31868261426326
CCTCAATCAACATAGTACTTTAGG-1_2	4.882090256509099	7.217758519283466	576.8430263425099	0.8999381666711167	0.0	0.0	20.147833722185357
CGACTTTCAAATCACGACTTTAGG-1_2	244.15386767573278	32.45699190601841	27.215443967918933	42.735412794660064	33.999770048631994	16.03310932408358	49.71310667874758
CGATTGACACGGTAACACTTTAGG-1_2	0.0	5.943284191815836	586.8952189328913	0.0	17.467673606065485	0.0	13.188408611349448
CGCACATTCATTGCATACTTTAGG-1_2	71.13432719644062	47.64741858087856	68.20201811865697	21.130993981508215	8.713515141495252	68.94329785432551	143.96849139355228
CGCAGCACACTAGTAGACTTTAGG-1_2	864.185326471912	0.0	0.0	0.0	0.0	0.0	0.0
CGCGACACAAGCGAAGACTTTAGG-1_2	26.239970235260447	596.997825928084	0.0	0.0	0.0	0.0	0.0
CGCTGGACATGTGGCGACTTTAGG-1_2	29.688465395721767	772.3478605035127	63.27078165413735	0.0	0.0	11.40162251219206	0.0
CGGAACCAGTCTAACTACTTTAGG-1_2	0.0	0.0	0.0	0.0	0.0	0.0	1352.3575920230057
CGGTCAAAGGCGAGAGACTTTAGG-1_2	0.0	501.48602527850124	96.36354801137783	0.0	1.6470644983772489	28.749677979543414	5.921674985452761
CGTAATCGTGGACACGACTTTAGG-1_2	32.97439954000558	118.54489515041983	50.47174511759796	72.28410442146809	120.90284496629712	27.223851718594645	63.51051715470181
CGTAATTTCCTGGAAGACTTTAGG-1_2	652.0846850382178	0.0	0.0	0.0	0.0	0.0	0.0
CGTGTCCCATTGCATCACTTTAGG-1_2	563.67952423147	0.0	0.0	14.30070110993833	0.0	14.400200840713726	28.497633864778333
CGTTATGTCGCCTCGAACTTTAGG-1_2	0.0	3.261357997312927	0.0	0.0	0.0	837.0531849899709	0.0
CGTTTGGGTGACCTTGACTTTAGG-1_2	74.2523902900712	44.674898600376814	458.0332108939591	0.0	10.814945288010346	8.609982198762015	0.0
CTAAGTGCATCCGCTAACTTTAGG-1_2	0.0	0.0	753.3118121377721	0.0	0.0	1.2049898098076885	0.0
CTACCCACAAGTTAACACTTTAGG-1_2	0.0	0.0	0.0	1021.8890499735296	0.0	428.778646105783	0.0
CTATCCGCAGCAATTGACTTTAGG-1_2	210.20828053179076	82.81586455080229	52.95004579135696	15.647142254020814	38.88402598684609	31.109052319803247	40.790928005360186
CTATGCTCAATGTGGCACTTTAGG-1_2	0.0	43.2747334495609	14.242209732980703	0.6681748463495354	625.5729833875665	3.9474806315896775	0.0
CTATTACAGCCACTCGACTTTAGG-1_2	0.0	0.0	528.7025032516401	13.612050964859359	17.256541325389644	10.558871804450334	15.592998240970152
CTCAACATCCAAATAGACTTTAGG-1_2	0.0	618.8855688458697	15.700053340208651	0.0	1.6118027169997016	0.0	51.30658181174253
CTCATTACAAGCTTTCACTTTAGG-1_2	0.0	500.1280951620846	221.76290801225383	0.0	0.0	0.0	0.0
CTCCATCGTTTGTTGAACTTTAGG-1_2	98.40278802988496	1.6284960620082578	512.0549520993029	0.0	4.53043529093318	69.76326680545073	20.871829510125114
CTGATCCAGCACGTTCACTTTAGG-1_2	589.5704190786305	62.41779602613086	2.3720870100860947	0.0	23.310364717527044	0.0	20.860142591830982
CTGCAACTCAGGGATTACTTTAGG-1_2	6.893277246806947	5.8494505204398735	602.7715428150374	0.0	0.0	0.0	26.587326014769168
CTGGTTATCTCTCGCCACTTTAGG-1_2	42.45565693320263	403.31063340492886	22.200532091619355	39.509688792357984	5.682569938172924	0.0	8.276837856788793
CTGTTTACACCATCCAACTTTAGG-1_2	0.0	731.8827434388337	12.537499570201756	72.31363000411316	0.0	0.0	34.42825811003993
CTTCAATAGGTAAGCTACTTTAGG-1_2	0.0	801.115234003159	0.0	0.0	225.00357107434323	0.0	0.0
CTTGCTGCACATGAATACTTTAGG-1_2	8.80756829674939	40.073081338761114	0.15752153546554992	735.9870796133282	22.968651576468417	0.0	6.606495217226896
CTTTAACAGGGTTTCCACTTTAGG-1_2	10.247097193956288	315.5741526341176	218.0505529508277	1.6982674504054607	58.50711359538283	0.0	0.0
CTTTAACAGTCGAAGTACTTTAGG-1_2	463.7149139249559	20.00514256533592	45.54714721071661	0.0	9.547248470820556	33.02878809856748	22.67655470682462
CTTTCGTTCGCAACGAACTTTAGG-1_2	40.51006350295083	620.5149939723783	0.0	0.0	0.0	15.681942397298418	24.052185605914843
GAACAATGTCAGGATAACTTTAGG-1_2	17.616254063750112	0.0	25.30944693339033	0.0	639.5959322571498	0.0	0.0
GAAGAATAGCTTAAAGACTTTAGG-1_2	625.5845485819148	0.0	0.0	0.0	20.452249480672435	8.541104194692968	4.78175408744403
GAAGTATGTGCGGCTTACTTTAGG-1_2	533.4489457776115	36.772572102929935	37.58301133055805	0.0	2.307078179527803	7.670365971694039	2.8762753735190945
GAATGACTCTGGTCTAACTTTAGG-1_2	0.0	78.98095355873183	0.0	451.8608383242946	30.36183246237615	30.905097585346464	27.59194380862074
GAATGCGTCAATTTGCACTTTAGG-1_2	661.1140233027154	0.0	6.726094432051715	0.0	0.0	0.0	0.0
GACAGGGAGGAAGCAAACTTTAGG-1_2	158.33953469479175	18.210279929353863	18.637077418542695	154.47672227413454	2.6625698812996683	10.906747461152184	40.16478920856166
GACCGTGCAACTAAGTACTTTAGG-1_2	479.0090028913196	15.863777070290716	2.4541242944425727	0.0	33.94667514671326	8.986680117134838	0.0
GACTAAATCTGGTCTAACTTTAGG-1_2	654.7757563809148	17.68129801491264	2.7956124771273885	8.676073845987869	9.32200460080963	0.0	42.5686789272471
GACTCAACAGATTGCAACTTTAGG-1_2	25.255274210863494	475.3401663232974	32.45917373518556	18.213412015123133	0.0	16.18973639920384	0.0
GACTTACGTCATTATGACTTTAGG-1_2	442.2058806522036	0.0	79.08187228952606	14.447163744729036	24.62890371858612	3.4556447951752367	0.0
GACTTACGTTAACGAGACTTTAGG-1_2	76.97661638591477	19.95516355386326	8.793990617784422	63.35040885096714	40.282579452001755	41.977322407627035	60.328138409593365
GAGCAAGCACCATCATACTTTAGG-1_2	0.0	0.0	4.684593655656812	888.6196195135495	1.2052268053233677	0.0	0.0
GAGCTATAGCGCTCCAACTTTAGG-1_2	137.45681912247045	254.84250321060168	0.0	231.78599500912495	23.050326717160416	25.869894346061226	21.2582802600386
GAGGAGTAGCAATCGGACTTTAGG-1_2	0.0	0.0	0.0	0.0	876.764535452754	15.341925888518004	0.0
GATATGATCCTGTTCTACTTTAGG-1_2	57.22688445978455	658.8295016468882	0.0	0.0	0.0	0.0	0.0
GATCACACACCAACAAACTTTAGG-1_2	573.5227348841566	52.32429159274146	107.48381009001372	32.36920620302917	66.3349074412659	37.797076947356516	0.0
GATGGTAGTGAACGACACTTTAGG-1_2	392.55760101252434	45.09053528459015	89.30315024702813	2.9332702202642866	16.609417151627767	0.0	30.00444457303231
GATTAGTCAACAGAGGACTTTAGG-1_2	88.31463708915034	87.49682791144943	267.43590571775945	0.0	21.88955666940989	0.0	12.640780995549193
GCAAATTCAACCGGATACTTTAGG-1_2	0.0	624.1356312553452	10.079317561136413	0.0	14.428402397194102	35.15226733509873	0.0
GCAGCAATCTTGATCGACTTTAGG-1_2	0.0	678.8328261004563	28.383194635138185	17.031319513785693	0.0	0.0	0.0
GCAGGCTAGGCGATATACTTTAGG-1_2	104.95121846019794	0.0	392.94233160557945	1.228010111324828	15.94787522861003	0.0	19.177193824956863
GCATTTGTCGGTTCCGACTTTAGG-1_2	109.3040657854997	66.85115106535191	324.2166901486361	0.0	76.25846328294917	9.049334267710076	0.0
GCGAGCTAGTTTGCATACTTTAGG-1_2	572.9967841446978	15.187365271481484	0.0	0.0	0.0	33.77578182299405	31.505714469385772
GCGTTACTCCCGCTGAACTTTAGG-1_2	511.83083410441145	4.558686536963122	0.0	12.820303349087903	3.515747717775412	25.092224333620763	0.0
GCTAACTGTGCTTCGAACTTTAGG-1_2	0.0	0.0	643.4608752353813	0.0	6.705107679356956	0.0	0.0
GCTCACCCATCATGTCACTTTAGG-1_2	520.3600526069586	0.0	0.0	0.0	21.46621309351439	30.34204056073627	7.735787010846078
GCTCACTAGGTATAGCACTTTAGG-1_2	0.0	573.6826003238459	11.308594868923656	43.39284632945268	0.4936603116439487	18.22953388905716	10.062906038096324
GCTCCATAGCCTGCCAACTTTAGG-1_2	0.0	605.3902621283339	31.96922774747951	0.0	0.0	13.318941314887134	0.0
GCTGGATCACCACACCACTTTAGG-1_2	0.0	31.98245168477372	0.0	0.0	0.0	1.514085199883416	1013.5615062344989
GCTTACATCGTCAATTACTTTAGG-1_2	543.3672608603016	29.497597297987966	17.8815461973605	0.0	21.389835285079773	5.7588644939234515	0.0
GCTTGATGTTTACGACACTTTAGG-1_2	523.7842060461455	100.51979553813482	46.88708896790323	0.0	0.0	0.0	0.0
GGAACCGGTATAGTGGACTTTAGG-1_2	567.1885648504491	0.0	0.0	0.0	5.400584221555509	0.0	0.5576861287284399
GGAAGCCTCGTCCCGAACTTTAGG-1_2	126.57172619142855	16.094838377354403	515.0836202854274	0.0	0.0	0.0	29.931775432660924
GGATTGCCAGAATCGCACTTTAGG-1_2	34.00831704271785	814.8018196560412	0.0	0.0	0.0	0.0	0.0
GGCAATCCAAATAAGGACTTTAGG-1_2	0.0	546.2719048477579	0.0	0.0	5.788905585336556	0.0	0.0
GGCATGATCGACTTTGACTTTAGG-1_2	37.683924591063345	4.337844806305026	462.09201370124043	0.0	0.0	0.0	18.49186161525191
GGCATTTGTAATGCCTACTTTAGG-1_2	200.69225114367572	44.91119640661076	291.37150226683735	4.9681982843034325	0.8637797412553737	0.0	0.0
GGCCTTTAGCAGGTTGACTTTAGG-1_2	816.6475621012224	0.0	0.0	0.0	0.0	0.0	0.0
GGCGAATGTAAACCCTACTTTAGG-1_2	31.954636758771414	628.2953354284374	13.260119496746178	11.44365270228035	0.0	3.776875811161937	1.7200720104994922
GGCTGATCAATTGAGTACTTTAGG-1_2	0.0	512.8701407912529	29.3632458351231	32.05026823026095	25.928521068992584	0.0	11.881709560081282
GGCTGATCACCTACTGACTTTAGG-1_2	45.90225354995293	64.40731310506521	8.572034055366801	710.8620634808955	16.9600135778236	36.94284121695434	25.41694808894537
GGCTTAGAGGTTAGGTACTTTAGG-1_2	0.0	52.52684766106304	20.53994385807642	8.318396311930814	15.485644497272247	6.611710880652637	709.9988387351024
GGGATGGAGATAGCTAACTTTAGG-1_2	600.0119134675003	17.10982279806225	14.824796982602194	0.0	1.9660007648460094	12.194938262532014	13.23616489915984
GGTGTGATCCTAAGTTACTTTAGG-1_2	35.045166709708425	552.1089916528866	0.0	0.0	12.477866134600802	0.0	33.70360212303617
GGTGTTTGTACGAATGACTTTAGG-1_2	285.89198734433876	28.41463342287246	49.33690166583103	2.691458646943916	295.2677467618416	0.0	0.0
GGTTACCTCGGCTAAGACTTTAGG-1_2	0.0	820.5365828345659	0.0	10.281017927172819	0.8484949980315404	2.485837026576488	0.0
GGTTGACCAATAGAAGACTTTAGG-1_2	9.086053397144209	708.9696077593796	0.0	5.890399685102048	0.0	14.646892459912554	7.158842721240983
GTAACCTGTAACGTGAACTTTAGG-1_2	666.660779838258	0.0	5.667027433207491	10.44364159522532	0.0	0.0	3.7655466778152475
GTACCTATCCTTGTTCACTTTAGG-1_2	31.684189944559254	489.7968998818725	0.0	0.0	0.0	4.997104683005471	1.8675739033639844
GTTAGCGAGCTAAATGACTTTAGG-1_2	0.0	0.9589704487611496	563.1714911279287	0.0	0.0	0.0	0.0
GTTCCATCAGCTCGCTACTTTAGG-1_2	0.0	5.127166479915629	559.6247191094656	1.4120403381130016	0.0	3.1954838706097664	0.0
GTTGGATAGGGCGGTTACTTTAGG-1_2	565.133687774748	2.013170500178213	113.61008345735478	19.256726044788987	8.53920597809377	14.995626894101076	75.59266260121665
GTTGTTGTCGATTAAGACTTTAGG-1_2	508.7708524207161	28.524874513344994	45.92190696548633	22.691809264252765	6.065080728030578	0.0	0.0
GTTTGGGAGCAAATTGACTTTAGG-1_2	7.73346963160745	53.5095411702782	34.53457940086258	43.25521564215132	5.22916016701749	103.27860334429765	8.404013060211831
GTTTGTCCATTGCCCAACTTTAGG-1_2	0.0	0.0	832.7001879301631	0.0	0.0	0.0	0.0
TAACCAAAGCATCTATACTTTAGG-1_2	545.2916190313883	24.22540896417256	0.0	13.346249214294414	10.428835599679319	6.53899706831625	24.167124722421953
TAACGTTTCAGCATGGACTTTAGG-1_2	0.0	0.0	15.737606129987517	0.0	0.0	696.5537032183795	0.0
TAAGGTTCAGCAATTGACTTTAGG-1_2	0.0	582.1109266829941	0.0	0.0	0.0	32.29788167816995	0.0
TACCAGCTCATAATGGACTTTAGG-1_2	0.0	6.73794777650509	610.2750041118003	5.302087031214946	15.358341741391637	11.375062845501665	0.0
TACCCGGTCTGTGACCACTTTAGG-1_2	0.0	0.0	635.4964358057302	0.0	0.0	0.0	0.0
TACCTGCAGACAGACTACTTTAGG-1_2	135.2368077834625	0.0	438.25323249028247	23.61861638445151	19.51230153527873	0.0	37.578881675318826
TACCTTTGTTAACCACACTTTAGG-1_2	415.7907551529233	0.0	24.676365388939736	16.620861702570306	13.047905165175427	0.0	26.266413014741214
TACTCACCATCACGAAACTTTAGG-1_2	32.434441659993134	52.3116721447955	531.1331870904486	7.959476877575379	0.0	19.958708974823278	0.0
TAGTCTCCAAGCGATCACTTTAGG-1_2	94.468494987186	362.28650650440113	0.0	85.6030059116592	25.763028489741718	0.0	0.0
TAGTTGTTCCGGATAGACTTTAGG-1_2	0.0	0.0	0.0	0.0	762.9662949923314	0.0	0.0
TATACCTAGAAACCCGACTTTAGG-1_2	68.60556202514746	0.0	502.00617893673444	10.534782533610525	20.68180059605144	6.992810930299863	30.749014624502887
TATATCCAGGCTTAAAACTTTAGG-1_2	0.0	913.4561295002882	0.0	0.0	0.0	0.0	0.0
TATCGCTCACCACAAAACTTTAGG-1_2	461.7112813496151	15.174682518281667	113.69876374414001	0.0	4.3559119183926365	12.902745540448366	50.887886267270424
TATGACTTCATCCAGCACTTTAGG-1_2	80.19082144408402	158.15511041579555	210.99883503359084	6.0598145880580665	7.947087872320091	12.18760631276835	19.237610937112294
TATGTCCCATGAGCTAACTTTAGG-1_2	0.0	0.0	0.0	921.3281267366775	0.0	152.9907833510026	0.0
TATTGCCCAAGTTGCAACTTTAGG-1_2	0.0	654.2511042605829	0.0	12.813563248084414	36.49839245522373	8.630015111245967	14.655703580777141
TCAACTAGTGCATCGCACTTTAGG-1_2	46.24041522992853	53.05339264736712	35.45100965100024	477.67242112506545	15.185895922541961	0.0	0.0
TCAATGGCATTTGCTAACTTTAGG-1_2	65.36916200752982	22.122736886336437	19.817106198762186	0.0	0.0	397.18748221100594	0.0
TCACTCGCACCTACTGACTTTAGG-1_2	594.4863238129142	0.0	0.0	0.0	0.0	0.0	0.0
TCATGAAAGCTCAAGGACTTTAGG-1_2	0.0	0.0	0.0	0.0	0.0	1123.9395481699355	0.0
TCCAAGTGTAATGCGAACTTTAGG-1_2	0.0	0.0	0.0	0.0	946.4902227360302	0.0	0.0
TCCATTACATAAGCTGACTTTAGG-1_2	0.0	0.0	0.0	0.0	0.0	1147.98685219646	0.0
TCCTTCTAGTTGACGGACTTTAGG-1_2	44.359593090551215	19.613388538318606	0.0	697.7315795335109	30.944369192564228	1.0800521520845754	10.4387856356327
TCGCGCTCATAATGACACTTTAGG-1_2	0.0	932.6691211477852	56.14249787323879	0.0	8.13047023183942	0.0	0.0
TCTAACAGTTTCAGGTACTTTAGG-1_2	488.5579233348992	28.67832710005139	53.67831788749408	25.108211932292512	4.671023807935584	0.0	8.749494953622554
TCTCGCCTCCTTTGGAACTTTAGG-1_2	713.8123434527447	0.0	0.0	0.0	0.0	0.0	0.0
TGAACCTGTGTTAGCTACTTTAGG-1_2	11.461833012386384	389.8914578812803	70.68250355045667	9.673443075954612	27.717237019770387	37.594212647199114	6.858428993775183
TGAAGGAAGGTTATGAACTTTAGG-1_2	0.0	0.0	0.0	1239.8447275883202	0.0	0.0	0.0
TGATTTGGTATTGCGTACTTTAGG-1_2	82.0980254429668	40.940259258348895	454.68486513533554	14.284717791985551	11.244164086119468	20.806723200758363	40.226456514891645
TGATTTGGTTTGTCCCACTTTAGG-1_2	386.0517887095035	113.78956943010495	116.37836391965843	10.908229456185099	4.999907921628653	0.0	16.936350891240163
TGCCGGTGTACGTAAGACTTTAGG-1_2	0.0	0.0	0.0	706.3119364533153	4.50723325184652	240.38110308047095	0.0
TGCGCTAGTAAACCCTACTTTAGG-1_2	430.04046003634323	127.14792156428507	38.44778129639467	0.0	3.8440986997888693	15.608198574854647	19.06128569138868
TGCGCTAGTAACTACCACTTTAGG-1_2	193.72953687650414	86.83664930532294	118.23890792953787	0.0	1.127893783687714	16.33774488494829	30.928034571084485
TGCGCTTAGGTCTTGCACTTTAGG-1_2	356.2192447111666	126.05235198726218	87.03616728139687	31.21658662081192	13.660275877297378	19.651434076108366	21.15261088067809
TGCGGAATCCTAAGTTACTTTAGG-1_2	11.893463432060534	6.157492708882556	15.603869332774334	25.637440243185242	650.9863239125768	21.596893019352517	8.201135960794819
TGCTTAAGTTCGAATCACTTTAGG-1_2	0.0	654.6663982393311	12.896101760381038	1.660779359684726	0.0	10.14240516344104	8.857451852902765
TGGAAACTCGAAGTTAACTTTAGG-1_2	80.60084222794958	538.4718662732812	0.0	0.0	0.0	9.60089536941339	6.125630413048738
TGGATCGAGCAAAGCTACTTTAGG-1_2	299.5115303877776	26.462594300778456	0.0	212.29145605528936	20.532313165753365	12.311212767251554	43.726276097040554
TGGCGTGCATATAGGTACTTTAGG-1_2	34.22772354486408	259.73839257832515	47.091968537021664	100.82058070529094	46.09536761828059	45.50925509782527	73.66297700033525
TGGGTTTGTAGGTTTCACTTTAGG-1_2	6.7275279228857086	0.0	653.7323768800567	0.0	31.70646533235139	0.0	0.0
TGGTCAACAAGTTGCAACTTTAGG-1_2	699.4208100972252	0.0	0.0	5.380856381477845	5.941877078872186	13.103537192064376	0.6244330592799437
TGGTTAAAGTAGCGCAACTTTAGG-1_2	12.473822960440575	1.8605397847720637	543.494345136737	0.0	0.0	0.0	72.67301674826437
TGTGCTGGTACTAACCACTTTAGG-1_2	0.0	53.263872365233254	0.0	910.1682375354436	11.143103970999121	122.10551563064764	0.0
TGTTAGTTCAGGCTGAACTTTAGG-1_2	333.36596357405386	143.243882084812	137.98386163428526	9.040900172978006	38.47110992480799	44.11562036947324	4.35477035197943
TGTTCCTTCGTCCCGAACTTTAGG-1_2	0.0	0.0	770.3492696713124	0.0	0.0	0.0	0.0
TGTTCTTGTTATGTGCACTTTAGG-1_2	693.4224465855534	0.0	0.0	0.0	0.0	0.0	0.0
TTAGAGCAGAATGGGAACTTTAGG-1_2	0.0	653.2693363785168	35.75532416186684	0.0	35.464708777772614	0.0	26.15463827490175
TTAGCGGAGGTGAATCACTTTAGG-1_2	114.4698252757833	686.8430767784812	17.766907383723222	104.18273571094191	0.0	0.2766176313582563	14.408489860801282
TTAGGTGCAAGCCTAAACTTTAGG-1_2	553.354921209137	13.162785922679527	0.0	0.0	0.0	0.0	34.56960671246777
TTAGGTGCATAAGTCGACTTTAGG-1_2	365.7150878490586	34.95470658611619	32.279510861995206	20.08334802242348	19.283388286552686	0.0	47.943747400216296
TTAGTTGGTATTACCAACTTTAGG-1_2	352.32522550378843	40.56741766207041	79.46792039688097	0.0	35.410801281501456	0.0	0.11137145078884726
TTCAACTAGTCACCTAACTTTAGG-1_2	0.0	0.0	704.3333179671191	0.0	0.0	0.0	0.0
TTCCTCCCACTTCGATACTTTAGG-1_2	4.319020414165653	1.5941199001124418	0.0	0.0	1.495785652990169	836.7076351636823	19.498911719455556
TTCGATTAGCAGGCTAACTTTAGG-1_2	10.725618575333895	77.45490046767064	494.078057304818	5.34079242089201	14.770545548200088	6.43680098964892	0.0
TTGAACAAGTTTGAGAACTTTAGG-1_2	60.5952445063978	304.78717580225543	32.18187717789975	116.80824046893632	0.0	48.35193475539424	0.0
TTGACATTCACAAACAACTTTAGG-1_2	240.34258192724909	132.56741365085088	43.8837601219238	1.200864694192494	13.883818583808631	24.399421932405467	15.682983271884082
TTGAGGAGTCACACCAACTTTAGG-1_2	445.97007834562487	55.06745342349909	26.396540416959766	3.192815673146251	3.7298373743085387	7.883927652089841	45.713873433518955
TTGAGGAGTTGCGGCTACTTTAGG-1_2	816.5725769079661	9.571734520026945	0.0	3.9603259149776804	0.0	3.0131008680068705	10.750455363155101
TTGTTGTAGTGAATCAACTTTAGG-1_2	0.0	31.230204374617838	0.0	9.514522430201387	20.20913983726649	685.2042059223406	44.80352375012035
TTTAGTCAGTTACAGAACTTTAGG-1_2	28.755734438323056	589.6103297065087	0.0	13.512309562644864	27.800793528011347	0.0	0.0
TTTCACCTCCTAAATCACTTTAGG-1_2	574.8276111480235	1.4925148330441924	26.028953746562845	0.0	0.0	0.0	0.0
TTTCACCTCGTTGCACACTTTAGG-1_2	494.7537022249187	10.099527503729886	16.822931421578566	0.0	8.045160222858428	0.0	17.378382669859366
