	1	2	3	4	5	6	7	8
AAAGCGAAGCGATAACACTTTAGG-1_2	0.0	644.3090730374553	17.03460730960266	1.9971383035519377	34.081021930658544	0.0	11.119547796915775	0.0
AAAGGTACAGCCCTTAACTTTAGG-1_2	0.0	712.9541028080987	5.085600547887389	0.0	0.0	0.0	0.0	0.0
AAATCACCAATCATCCACTTTAGG-1_2	37.311227958426485	377.76499080988725	17.59698908292752	6.826542845342732	27.04452725645339	51.54640863952144	17.75795166295047	0.0
AAATGAGCATTTGTTGACTTTAGG-1_2	1.406077891041677	0.0	0.0	0.0	10.127137424479479	762.1231806639912	13.98414575101576	15.860682050943016
AACCAACAGGACACGCACTTTAGG-1_2	407.0422773578906	42.72024211191957	66.40220411192236	17.85159220410252	22.696815311176366	38.72290381927438	42.20808089646147	0.0
AACCTCATCGAACCTCACTTTAGG-1_2	474.3751604182435	82.26325519131457	0.0	0.9271424500777479	11.234381030087214	21.110335969537136	0.0	0.0
AACTGAGGTGCTCCAAACTTTAGG-1_2	162.1483206101416	88.17652745074301	132.83738966031234	38.136868415960464	50.05540742892949	16.90074036062791	55.68451070966167	0.0
AAGACAACAAATAGGAACTTTAGG-1_2	0.0	872.9676460075837	0.0	0.0	0.0	2.660003173909303	0.0	0.0
AAGCCTCTCAATTGGAACTTTAGG-1_2	335.8291642195711	79.43659495130895	159.9275043133617	0.0	10.831117844606801	0.0	4.405056252276663	4.391857351295821
AAGCCTGAGTTAGTTCACTTTAGG-1_2	0.0	0.0	20.304917114433227	0.0	0.0	3.404179451623835	986.0618256613354	0.0
AAGCGGCTCTAATCACACTTTAGG-1_2	27.441815431715412	114.80423793533825	516.5348333600773	36.49290229761499	12.460722047687847	19.7835155961454	0.0	0.0
AAGGGAGGTGGTTACTACTTTAGG-1_2	0.0	0.0	0.0	585.8675594157572	0.0	263.0373894589025	0.0	185.42002379591744
AAGGGAGGTTGTTCCCACTTTAGG-1_2	0.0	175.1727951539017	26.081661343069637	0.0	361.5053398441162	0.0	20.514347408481928	0.0
AAGGTTGGTATGGTCTACTTTAGG-1_2	24.142164825967118	596.744300207928	13.918043351685215	4.023330821566664	0.0	11.881967762773199	43.097132104680725	0.0
AATACTGAGGTCAAGTACTTTAGG-1_2	17.044490738075627	694.1382778830658	0.0	0.0	1.3739116964374547	0.0	0.0	0.0
AATCACGCATCCTTGGACTTTAGG-1_2	0.0	0.0	823.288073831246	0.0	0.0	1.7797271290173584	0.0	0.0
AATCACGCATTTGGCTACTTTAGG-1_2	9.210927635337404	86.21247316738267	59.721151523935774	17.348139158829145	35.0170532078334	30.764456427336313	527.3886431707733	0.0
AATCGCGAGGTTGCAGACTTTAGG-1_2	0.0	35.873494660282404	463.3082368756324	0.0	0.0	13.996788019410861	0.0	3.736721803661132
ACAGCGGGTTGCGCTAACTTTAGG-1_2	518.8895558323372	0.0	49.30035224029768	7.333234981619693	28.40355146635635	5.747388682293204	43.48549425493413	4.19593536593947
ACATACTTCTGGAAACACTTTAGG-1_2	661.7357152319416	0.0	0.0	0.0	4.7954642073186085	0.0	0.0	0.0
ACCAATCGTTCACTCCACTTTAGG-1_2	0.0	717.8318704018102	11.043202829637659	6.448893871328591	25.445209084699748	26.39295028782525	35.015111389434466	0.0
ACCACGTTCGGGACTAACTTTAGG-1_2	595.810734942268	20.128737708824854	13.663900937495239	0.0	11.073706165702133	7.881361399944702	0.0	0.0
ACCGGCTGTTTCCTCAACTTTAGG-1_2	6.706575342790482	370.336003072851	128.7320545119562	9.30672753377237	55.066591632517095	0.0	0.0	0.0
ACCTCTAAGGTAGTTAACTTTAGG-1_2	392.7019261373894	87.32393459467868	56.6411624618052	16.23923578804711	13.827749156781856	4.901551555346008	16.264806942865057	12.92462878687705
ACGGTAAGTCAAAGGCACTTTAGG-1_2	544.3244009191851	0.0	0.0	0.22286321692193214	0.0	0.0	0.0	9.318289241202999
ACTAATGAGGAAACTCACTTTAGG-1_2	0.0	502.65221013723635	6.952037491894781	11.886928215629133	0.0	0.0	40.588847061565865	0.0
ACTACAAAGGATTATGACTTTAGG-1_2	37.84237483783932	0.0	624.7296843420543	3.7549317589610225	3.458436335646639	1.654048241388639	10.073148018274154	0.0
ACTACTAGTTTGAGCTACTTTAGG-1_2	35.65277364741448	185.83987713430253	0.0	0.0	349.2596301649932	0.0	0.0	0.0
AGAAGCAAGTCGTTCAACTTTAGG-1_2	89.56029483842977	563.5174882318174	0.0	1.7115322440927963	0.0	3.9320932380272304	11.186707610722593	5.610889923498065
AGAAGGTCAGGCTATAACTTTAGG-1_2	0.0	1036.5293221500444	0.0	0.0	0.0	0.0	0.0	0.0
AGACACTAGCTAGATAACTTTAGG-1_2	955.3592763387902	0.0	0.0	0.0	0.0	0.0	0.0	0.0
AGATTAGTCAACCTCAACTTTAGG-1_2	442.4050061073047	0.0	0.0	82.26044988735053	9.717015135497695	113.05173807665568	54.756125868575374	43.983045896206214
AGCATCCTCATGGAACACTTTAGG-1_2	645.7218502031177	0.0	0.0	0.0	0.0	0.0	0.0	0.0
AGCCATTGTAATCCTAACTTTAGG-1_2	43.97925354705101	388.8603690339787	77.26677894952711	0.0	0.5155205105362931	0.0	6.063032944478686	0.0
AGCTAAATCGGGACTAACTTTAGG-1_2	0.0	19.486933171408875	601.5850207561048	3.882322117736541	5.182814163248761	0.0	0.0	1.8648007220678426
AGCTACCTCCGGATAGACTTTAGG-1_2	603.876837918273	0.0	28.196702946426843	0.0	0.0	0.0	0.0	6.611166842253315
AGCTATGCAAATACCGACTTTAGG-1_2	526.116471592485	16.642619116042873	28.768494322398347	14.976439616648177	7.26818946598747	1.6907953343900064	3.6311933966213976	9.281179530172897
AGCTGGCAGGTGAATCACTTTAGG-1_2	540.3674540146485	41.32841811382749	33.71624563750069	7.9919275574960364	27.331931507084803	21.097645587472712	7.080865041991254	0.0
AGGGACCTCAGTTAGAACTTTAGG-1_2	16.191209659980785	0.0	700.2033649496175	0.0	11.790494854431692	16.335548350056673	4.626951844745929	15.867471957170551
AGGGTGGAGGCCTTCGACTTTAGG-1_2	465.1475225716217	20.1848338613587	37.790938323607286	0.0	13.117767560548879	12.316372887159883	35.43860105962621	8.487067245889543
AGTAAACGTGACACAAACTTTAGG-1_2	71.70977261015756	533.1753262517681	41.488603169580166	0.0	12.827130987812291	19.141407476962872	13.705628261968517	0.0
AGTAGGCGTACAAACGACTTTAGG-1_2	0.0	705.5766252240736	0.0	0.0	6.86788673836978	2.506635342884951	44.830699132824606	1.0219467052587488
AGTGACCCAGAATCGCACTTTAGG-1_2	44.05565198325168	97.85577965764104	443.987585289673	27.942036247800022	109.37788572424901	0.0	0.0	0.0
ATAACCAAGGTGAGCCACTTTAGG-1_2	0.0	576.9101640637259	66.33693901065136	0.0	0.0	10.227612394182094	3.231990765848322	0.0
ATAAGCCAGAGCAACTACTTTAGG-1_2	7.6688784484105845	0.0	693.9140205481385	1.9456571594641057	0.0	0.0	0.9499712155171119	18.413442128043645
ATAGAAGCAGTGAGGAACTTTAGG-1_2	403.28867038681636	61.46739176246559	78.62730735781874	20.103370047567605	30.764082504263197	10.409091260086607	59.45527103809607	2.1876228342230304
ATATAGCCATGGGTTAACTTTAGG-1_2	2.09925788594095	0.0	676.4015156347574	0.0	0.0	0.0	5.695092297120459	0.0
ATATCGAAGGGTTTGGACTTTAGG-1_2	0.0	45.15821925151701	4.9711870992368725	2.6632357966926685	51.397582458371744	7.333189197800762	693.3847745589044	3.055270451555226
ATCAGGTAGAAACTCAACTTTAGG-1_2	0.0	0.0	536.2843804075145	0.0	0.0	0.0	35.64569975161818	0.0
ATCGCGCGTTTACCGGACTTTAGG-1_2	6.415743590723687	0.0	0.0	0.0	760.0966465585219	0.0	14.728194319017616	0.0
ATCGCTCAGGAACCATACTTTAGG-1_2	218.0814888526168	0.9164298634742563	12.125548793638629	447.48711460001886	7.538019299375306	0.8056308316200225	48.99853869377912	0.0
ATCGGGCAGGACAACTACTTTAGG-1_2	4.818834132786382	88.16636913675615	187.57306036192725	36.421733283537314	19.920923561069266	97.88374229958725	26.939615259885592	26.11922366248394
ATGAAAGCATTTGTTGACTTTAGG-1_2	631.6783491216916	23.41929534858754	0.0	0.0	0.0	0.0	0.0	12.98754109369997
ATGAGGAAGTCTGTGCACTTTAGG-1_2	78.00961451642172	439.98499913251135	105.28776726098829	40.9092400311917	0.0	8.04133914169822	4.190042209024673	6.65101665828789
ATGGCCTTCCAAAGGTACTTTAGG-1_2	17.16126450599475	429.4125925233131	134.81526834820332	1.8386723531732416	6.719124439094944	18.67478828956181	41.766331117335056	13.112705654544918
ATGTGGGTCCGCCTCTACTTTAGG-1_2	0.0	813.9338334819587	0.0	20.57737696048576	8.040362134677574	31.636180390270713	24.361103290440045	0.0
ATTATGGAGTGTTTGTACTTTAGG-1_2	513.0474971015566	0.0	13.076352947955115	0.0	0.0	12.003360612175905	26.085083251569674	0.0
ATTCGATTCTAAATCCACTTTAGG-1_2	51.391343667606954	0.0	35.48993179967846	0.0	7.653134132985474	0.0	710.348971752796	0.0
ATTGATGAGCAGGCTAACTTTAGG-1_2	0.0	145.3164973486277	84.32965887755059	144.07046985058062	23.620687660817254	98.62789127709819	59.639553207749536	0.0
ATTTAGGAGGAAGCCCACTTTAGG-1_2	599.2729694305818	0.0	2.419908051620197	3.0809948118049024	0.0	0.0	0.0	0.0
CAAGCGATCTAATCACACTTTAGG-1_2	0.0	601.6704999052012	28.637025320659276	0.0	17.895090341935763	30.578003960964832	0.8603905479967107	10.322932593992581
CAATACTTCTATGCATACTTTAGG-1_2	0.0	696.730460160666	0.0	17.686226799018048	1.4486969705701251	0.0	20.101311039474925	0.8789066131002161
CACAAGCCAGGCAACTACTTTAGG-1_2	954.3441979642149	0.0	0.0	0.0	0.0	0.0	0.0	0.0
CACGTTATCCCAGACTACTTTAGG-1_2	0.0	0.0	884.8136299982274	1.9249487521526838	0.0	0.0	0.0	0.0
CAGCTGGCAGTTATGGACTTTAGG-1_2	0.0	789.9780097304342	0.0	25.38702394877565	0.0	15.657764796227733	0.0	0.0
CAGGGCAGTCAATCGTACTTTAGG-1_2	70.5322815051879	425.7779861313239	7.174533770920986	53.568396189791265	18.64429069059518	29.099768022117544	42.924041282310995	0.0
CAGGTTCTCGCTCAGTACTTTAGG-1_2	0.0	645.5730216687291	0.0	12.767163327792959	0.0	7.782077767501305	0.0	12.981268932472505
CAGTATTTCCTGGAAGACTTTAGG-1_2	39.983211438025414	100.34332410006313	408.5037856862557	0.06640021110249189	29.04091754720504	51.001911572728076	6.811850478575412	0.0
CAGTGTGAGGTGAGAAACTTTAGG-1_2	526.9870412021178	17.57142353221625	0.0	0.0	0.0	0.0	67.68452900810155	0.0
CATCCTTTCACCTAATACTTTAGG-1_2	0.0	857.1297827540252	81.70465553071756	0.0	0.0	0.0	0.0	0.0
CATTAGCGTATTTCGAACTTTAGG-1_2	107.82528216684055	554.7185405777034	2.8892582026417997	0.0	0.0	0.0	0.0	0.0
CCAAGACCACTTCGATACTTTAGG-1_2	936.572520592946	0.0	0.0	15.124370173643559	0.0	0.0	0.0	5.5898036996025775
CCAAGTGAGCCATAAAACTTTAGG-1_2	124.35112848921514	94.97009088408117	80.91087676847698	136.10959731878637	0.0	49.27246886233971	35.79823220322699	44.13874930383636
CCACATTCAGTAATACACTTTAGG-1_2	113.65969969088952	221.7449743819051	125.85958918871313	10.14508939012014	16.120063618543167	21.22689776478083	6.716522343576479	14.435997075895896
CCACTAATCGATTCTGACTTTAGG-1_2	0.0	0.0	0.0	1366.9381395087219	0.0	0.0	0.0	0.0
CCACTAATCGGGCAACACTTTAGG-1_2	0.0	0.0	555.3369192911285	5.264293178560286	7.905073529946845	0.0	6.030557071956213	1.302956866563016
CCAGGTTTCAACTTGTACTTTAGG-1_2	16.256952914162056	10.969189898348262	455.8874256076267	0.0	0.0	0.0	1.2670721728360406	12.551540331926743
CCATCAGGTTGCACTGACTTTAGG-1_2	0.0	247.97538943962414	9.016103172527439	35.60541873304564	319.4130859470758	0.0	4.972868362825972	2.4876304911258145
CCATTCGCATTGCCTGACTTTAGG-1_2	532.2217075558774	0.0	7.339465073414581	8.987352967171418	7.708754243265552	41.928472955491465	58.12006320549296	9.781679897540505
CCCACTTGTAAACCCTACTTTAGG-1_2	47.34928637588201	362.4873481769571	126.34134345458585	8.965844196854531	69.85792992214155	0.0	0.0	0.0
CCCTGTTGTTAGCATCACTTTAGG-1_2	330.8291738197492	57.18196926997812	107.61388831416625	5.478471433703682	26.390152839807655	8.928389706007376	0.0	8.184662013293691
CCGGTACGTTGAGTCTACTTTAGG-1_2	540.7206746843798	28.23594526533606	0.0	0.0	11.028798977255919	16.101385654031105	22.09449329736238	23.10821881778049
CCTCAATCAACATAGTACTTTAGG-1_2	4.400879193799465	6.773152179553268	575.8929003816476	4.199751915395712	0.0	0.6487950119024974	19.943863249874372	0.0
CGACTTTCAAATCACGACTTTAGG-1_2	244.19604615599337	32.28302478526828	27.156177558672397	28.863233174003195	33.92857465555178	14.82032982962321	49.34603625772035	15.037465077913918
CGATTGACACGGTAACACTTTAGG-1_2	0.0	6.18639350029087	586.2659637603836	0.0	17.46334566107676	0.0	13.140139991077064	0.0
CGCACATTCATTGCATACTTTAGG-1_2	70.68150311086008	47.048750119058916	68.12734353801905	16.261348601754445	8.772858437016954	73.07501196246747	142.9481752864106	2.236592729148971
CGCAGCACACTAGTAGACTTTAGG-1_2	863.5684719915952	0.0	0.0	0.0	0.0	0.0	0.0	0.0
CGCGACACAAGCGAAGACTTTAGG-1_2	26.314080835888255	596.2155162334719	0.0	0.0	0.01706717453296283	0.0	0.0	0.0
CGCTGGACATGTGGCGACTTTAGG-1_2	29.495811564838707	770.5899610479222	63.111302848336635	0.0	0.0	13.858676970115338	0.0	0.0
CGGAACCAGTCTAACTACTTTAGG-1_2	0.0	0.0	0.0	0.0	0.0	0.0	1347.517797739093	15.734748936187406
CGGTCAAAGGCGAGAGACTTTAGG-1_2	0.0	499.8415175390897	96.15013547521232	0.0	1.4446456696461145	31.754967601838292	5.835107770028941	0.0
CGTAATCGTGGACACGACTTTAGG-1_2	35.53581277438476	118.60123292625651	50.535949557287736	27.939008353309926	120.28762533158108	22.532890177339695	61.3839846114613	47.485402791100334
CGTAATTTCCTGGAAGACTTTAGG-1_2	651.5424200367829	0.0	0.0	0.0	0.0	0.0	0.0	0.0
CGTGTCCCATTGCATCACTTTAGG-1_2	561.0566068235759	0.0	0.0	20.19897089684425	0.0	16.686220221425	28.031235524667533	0.0
CGTTATGTCGCCTCGAACTTTAGG-1_2	0.0	0.0	0.0	16.56883081217591	0.0	837.00135164679	0.0	0.0
CGTTTGGGTGACCTTGACTTTAGG-1_2	74.077256836011	44.741840594401225	457.451220869454	0.0	10.78051529487383	8.764366572872161	0.0	0.0
CTAAGTGCATCCGCTAACTTTAGG-1_2	0.0	0.0	752.579454165746	0.0	0.0	0.0	0.0	1.7679792199758737
CTACCCACAAGTTAACACTTTAGG-1_2	0.0	0.0	0.0	0.0	0.0	0.0	0.0	1471.6967063022714
CTATCCGCAGCAATTGACTTTAGG-1_2	206.801662859307	79.16454443691059	51.79833632958548	26.31493703638614	37.79439050021561	40.98984122005873	38.72764751936917	0.0
CTATGCTCAATGTGGCACTTTAGG-1_2	0.0	43.36829843666667	14.272002488116765	0.0	625.0576807096099	2.6862851477608825	0.0	2.131951798967389
CTATTACAGCCACTCGACTTTAGG-1_2	0.0	0.0	527.8965930777621	15.720390274769818	17.122947388778112	7.940335087815546	15.726424121713935	1.3707654972268533
CTCAACATCCAAATAGACTTTAGG-1_2	0.0	617.8677043593193	15.812608386054391	0.0	1.6545351796465184	0.0	51.273873055026975	0.0
CTCATTACAAGCTTTCACTTTAGG-1_2	0.0	499.77602288293076	221.5892903820142	0.0	0.0	0.0	0.0	0.0
CTCCATCGTTTGTTGAACTTTAGG-1_2	97.74666441550225	0.865057171556301	511.4095441952999	0.0	4.3946004004629655	72.88776616507647	20.47183590121843	0.0
CTGATCCAGCACGTTCACTTTAGG-1_2	589.0173695503765	62.48514396464795	2.499420686848721	0.0	23.318177519902576	0.0	20.88177558273199	0.0
CTGCAACTCAGGGATTACTTTAGG-1_2	6.9162388792023455	6.119881065744353	602.1093879046815	0.0	0.0	0.0	26.65474793852578	0.0
CTGGTTATCTCTCGCCACTTTAGG-1_2	40.178798848916536	401.10320587231087	21.71249074946498	48.54031657481401	5.364678267273275	0.0	8.199474754538134	0.0
CTGTTTACACCATCCAACTTTAGG-1_2	0.0	727.8468677963347	11.564951185829162	0.0	0.0	0.0	31.146780981741546	93.68248022166829
CTTCAATAGGTAAGCTACTTTAGG-1_2	0.0	800.5835200249807	0.0	0.0	224.8853898546454	0.0	0.0	0.0
CTTGCTGCACATGAATACTTTAGG-1_2	0.0	35.160125242039946	0.0	652.7466186234088	23.388810569255348	22.971202658041303	8.009351442588008	63.35315564571441
CTTTAACAGGGTTTCCACTTTAGG-1_2	9.88432279158269	314.7450346749695	217.53762248147837	5.084975723807743	58.16935452696952	0.0	0.0	0.0
CTTTAACAGTCGAAGTACTTTAGG-1_2	462.77299772434776	19.79928400130304	45.46158972161017	0.0	9.54578082063483	34.57168400760326	22.603160249401217	0.0
CTTTCGTTCGCAACGAACTTTAGG-1_2	40.22906665801331	618.7707226064266	0.0	0.0	0.0	18.45222199766669	23.876288475878635	0.0
GAACAATGTCAGGATAACTTTAGG-1_2	17.49729232065999	0.0	25.212301099284176	0.0	639.0790664278384	0.0	0.0	1.0626119161866456
GAAGAATAGCTTAAAGACTTTAGG-1_2	624.5352701238185	0.0	0.0	0.0	20.46443239091778	9.805247719547573	4.765957349319663	0.0
GAAGTATGTGCGGCTTACTTTAGG-1_2	532.6633418084397	36.32886933568801	37.39219847216131	0.0	2.205270419448797	4.939849349108497	2.6858351959926345	6.339880573104567
GAATGACTCTGGTCTAACTTTAGG-1_2	0.0	69.88530370518437	0.0	423.01101176607045	29.45322142380716	70.47799486528885	25.003275228959513	8.5189773936492
GAATGCGTCAATTTGCACTTTAGG-1_2	660.5678075492634	0.0	6.7749703931630165	0.0	0.0	0.0	0.0	0.0
GACAGGGAGGAAGCAAACTTTAGG-1_2	156.0291943276344	16.827652359699037	18.13733530687278	138.05719643071134	2.641467820912203	15.290469928987727	40.07321170569523	15.780973272708929
GACCGTGCAACTAAGTACTTTAGG-1_2	478.0456237687414	15.21662189823562	2.2389984913850176	0.0	33.62327831696825	2.8638233674691316	0.0	11.728626025433414
GACTAAATCTGGTCTAACTTTAGG-1_2	652.2395755958545	16.43902016996948	2.346561811017998	18.5370075837881	8.9488819170799	0.0	42.15383567712119	0.0
GACTCAACAGATTGCAACTTTAGG-1_2	25.23945371701518	474.0781934312037	32.41482054516673	11.617787350871723	0.0	12.070399062913378	0.0	12.079118105921651
GACTTACGTCATTATGACTTTAGG-1_2	442.02073057180127	0.0	78.83736387234904	2.6434210842508192	24.530903405420435	1.2955393527637036	0.0	14.947331811421039
GACTTACGTTAACGAGACTTTAGG-1_2	78.72103716521785	20.425515430974876	9.045144867064934	21.971095577130075	40.15978909775719	25.08223398042927	59.76590267128859	55.738736052219544
GAGCAAGCACCATCATACTTTAGG-1_2	0.0	0.0	0.0	926.3018446294996	0.0	0.0	0.0	0.0
GAGCTATAGCGCTCCAACTTTAGG-1_2	134.09779581839268	252.7518338091543	0.0	195.65884498596213	22.936569836811756	24.913662072653683	21.511720027728728	41.60019837008648
GAGGAGTAGCAATCGGACTTTAGG-1_2	0.0	0.0	0.0	0.0	875.9831880827726	16.506442261157456	0.0	0.0
GATATGATCCTGTTCTACTTTAGG-1_2	57.141199996197265	657.090743942676	0.0	0.0	0.0	0.0	0.0	3.2946533992576206
GATCACACACCAACAAACTTTAGG-1_2	572.0050553188148	51.79727968367059	107.35852185375761	27.216930805423917	66.23171610620747	36.38141407145309	0.0	7.994920482035641
GATGGTAGTGAACGACACTTTAGG-1_2	391.4463872057195	44.999512473114365	89.0366083460856	5.704883697309485	16.462701673804663	0.0	29.76124522896312	0.0
GATTAGTCAACAGAGGACTTTAGG-1_2	88.38400453946865	87.56939012554044	267.05827348820463	0.0	21.809478308113263	0.0	12.76076017530935	0.0
GCAAATTCAACCGGATACTTTAGG-1_2	0.0	622.4013454821247	10.20084370751208	0.0	14.355333419180317	29.735966825045125	0.0	7.88731377358991
GCAGCAATCTTGATCGACTTTAGG-1_2	0.0	678.2184077355904	28.55133111319573	15.250214502555187	0.0	0.0	0.0	0.0
GCAGGCTAGGCGATATACTTTAGG-1_2	103.84279876018945	0.0	392.0794849133049	6.152833990041677	15.672458547373532	0.0	18.771801340917968	0.0
GCATTTGTCGGTTCCGACTTTAGG-1_2	109.21175576500065	66.93943151596226	323.7796335313126	0.0	75.9454759888889	4.807990345593433	0.0	5.442464624966251
GCGAGCTAGTTTGCATACTTTAGG-1_2	572.2115427843927	15.103654603877587	0.0	0.0	0.0	33.68699748020383	31.57687373543884	0.0
GCGTTACTCCCGCTGAACTTTAGG-1_2	509.80948964107114	3.886415549998945	0.0	14.992347089295137	3.3683229258127296	27.711757758146344	0.0	0.0
GCTAACTGTGCTTCGAACTTTAGG-1_2	0.0	0.0	642.8537663778244	0.0	6.896828397906617	0.0	0.0	0.0
GCTCACCCATCATGTCACTTTAGG-1_2	519.7567622509204	0.0	0.0	0.0	21.583901448793153	28.251597194790477	7.9388149365898775	1.8469242367655563
GCTCACTAGGTATAGCACTTTAGG-1_2	0.0	572.2144279964697	11.313525727028193	18.71095188315126	0.4573206842879319	12.11759908161363	9.9111548442172	32.20936597592509
GCTCCATAGCCTGCCAACTTTAGG-1_2	0.0	604.7439955756689	32.21934334248686	0.0	0.0	11.209104970460018	0.0	1.1854776935544271
GCTGGATCACCACACCACTTTAGG-1_2	0.0	31.24895944299321	0.0	0.0	0.0	6.062229017811937	1010.9117652119104	0.0
GCTTACATCGTCAATTACTTTAGG-1_2	542.8501229235991	29.554622675197354	17.886049156059002	0.0	21.40748423336429	5.301179369928745	0.0	0.586559733272818
GCTTGATGTTTACGACACTTTAGG-1_2	522.4693873045393	100.09521478970333	46.752084763409584	3.2511674510182536	0.0	0.0	0.0	0.0
GGAACCGGTATAGTGGACTTTAGG-1_2	566.5395336655029	0.0	0.0	0.0	5.434026207864315	0.0	0.6306493102965265	0.0
GGAAGCCTCGTCCCGAACTTTAGG-1_2	126.60690909143716	16.46983723140294	514.4465181871414	0.0	0.0	0.0	29.883985436771507	0.0
GGATTGCCAGAATCGCACTTTAGG-1_2	33.87805078066549	812.279573225975	0.0	0.0	0.0	0.0	0.0	5.391765013503228
GGCAATCCAAATAAGGACTTTAGG-1_2	0.0	545.4425936600879	0.0	0.0	5.795751329564188	0.0	0.0	0.0
GGCATGATCGACTTTGACTTTAGG-1_2	37.673652086391954	4.368247392899859	461.49175128453703	0.547016415757572	0.0	0.0	18.429812070519088	0.0
GGCATTTGTAATGCCTACTTTAGG-1_2	199.99510241384996	44.76089652494306	290.9312126177465	7.120546877144644	0.8072396248097994	0.0	0.0	0.0
GGCCTTTAGCAGGTTGACTTTAGG-1_2	816.0492562848233	0.0	0.0	0.0	0.0	0.0	0.0	0.0
GGCGAATGTAAACCCTACTTTAGG-1_2	32.54848461296127	627.2504770823416	13.165678234212088	1.659789728745995	0.0	0.14709525090874642	1.733513898549118	13.871923543116147
GGCTGATCAATTGAGTACTTTAGG-1_2	0.0	512.0577690512898	29.436989536194865	14.25130287378177	25.89242876595017	0.0	11.755331956599562	18.66587250903226
GGCTGATCACCTACTGACTTTAGG-1_2	31.20729523877672	55.87475037969453	5.634696469996799	676.1986007428654	17.097266686381317	73.06668742715463	26.32021141400624	25.307998597475702
GGCTTAGAGGTTAGGTACTTTAGG-1_2	0.0	51.83984955313657	20.441890587068748	9.279764710749998	15.44916363400182	9.260541756822601	708.0679379116738	0.0
GGGATGGAGATAGCTAACTTTAGG-1_2	599.2393490414056	16.79230680160725	14.901961879820659	0.0	1.9554112457548678	13.432341139142522	13.085457880137508	0.0
GGTGTGATCCTAAGTTACTTTAGG-1_2	35.22634997756645	551.0870515675931	0.0	0.0	12.52797422311965	0.0	33.873041735379935	0.0
GGTGTTTGTACGAATGACTTTAGG-1_2	285.5311959776918	28.166985945591012	49.178089417361036	0.0	294.9373945472668	0.0	0.0	4.9302560097664845
GGTTACCTCGGCTAAGACTTTAGG-1_2	0.0	818.6982526365916	0.0	9.553239108033123	0.8657769400104939	4.4242131005192995	0.0	0.3088049342491877
GGTTGACCAATAGAAGACTTTAGG-1_2	8.441407248254954	705.4114885008304	0.0	0.0	0.0	0.0	6.349504123145072	34.7377852284495
GTAACCTGTAACGTGAACTTTAGG-1_2	666.0278097300536	0.0	5.5865617385271635	5.420939669354401	0.0	0.0	3.530915580846363	6.550834336268814
GTACCTATCCTTGTTCACTTTAGG-1_2	31.40211559291406	488.2935130876775	0.0	0.0	0.0	0.5165157164755431	1.7033926084454396	9.021624974553543
GTTAGCGAGCTAAATGACTTTAGG-1_2	0.0	1.2584996595104412	562.5424489982064	0.0	0.0	0.0	0.0	0.0
GTTCCATCAGCTCGCTACTTTAGG-1_2	0.0	5.5020039238316505	558.9646051995287	0.0	0.0	3.722964762907721	0.0	0.6837105932625913
GTTGGATAGGGCGGTTACTTTAGG-1_2	563.4536255877914	1.488881830740897	113.2225636308589	22.333697287430134	8.435883326574789	15.953294049886402	75.4192451221372	0.0
GTTGTTGTCGATTAAGACTTTAGG-1_2	506.21653846504836	27.472456437798055	45.517629513265206	30.18359321031029	5.839422648997965	0.0	0.0	0.0
GTTTGGGAGCAAATTGACTTTAGG-1_2	7.39729581396003	52.58006870227789	34.63209272076431	23.690408361821845	5.100021120043608	97.5234257624407	8.181771175279126	27.029337245537494
GTTTGTCCATTGCCCAACTTTAGG-1_2	0.0	0.0	832.0014410013322	0.0	0.0	0.0	0.0	0.0
TAACCAAAGCATCTATACTTTAGG-1_2	544.5742485466386	24.07066703438232	0.0	6.608797564666481	10.360934586878287	7.4238818633368036	23.943300166600974	7.296650257590626
TAACGTTTCAGCATGGACTTTAGG-1_2	0.0	0.0	16.460834675727906	0.0	0.0	682.993078457379	0.0	5.807090515207992
TAAGGTTCAGCAATTGACTTTAGG-1_2	0.0	578.8797294921023	0.0	0.0	0.0	16.580521676537998	0.0	26.652856054711425
TACCAGCTCATAATGGACTTTAGG-1_2	0.0	6.681523633154012	609.4912881872249	4.6655325033805894	15.417532119117482	11.178879586194594	0.0	1.5124039907778783
TACCCGGTCTGTGACCACTTTAGG-1_2	0.0	0.0	633.6146998889594	0.0	0.0	0.0	0.0	8.460713470517028
TACCTGCAGACAGACTACTTTAGG-1_2	133.8422688946288	0.0	437.0687233277828	26.041758550674583	19.291950321629237	3.8009519608997064	37.01805171375048	0.0
TACCTTTGTTAACCACACTTTAGG-1_2	415.6843660446125	0.0	24.505760008574494	5.650620678082402	12.991241551317652	0.0	25.772127901368602	12.135766066583654
TACTCACCATCACGAAACTTTAGG-1_2	32.33538571031006	51.38084726894584	530.0791217786888	0.0	0.0	7.638932737224159	0.0	26.73661122616124
TAGTCTCCAAGCGATCACTTTAGG-1_2	90.66531536140681	359.7209336541388	0.0	91.92251055596857	25.472316806582217	2.6078606730165617	0.0	0.0
TAGTTGTTCCGGATAGACTTTAGG-1_2	0.0	0.0	0.0	0.0	762.5394873094494	0.0	0.0	0.0
TATACCTAGAAACCCGACTTTAGG-1_2	67.36469514298904	0.0	500.95010697582984	15.693279889176166	20.439443957858185	7.366799817572231	30.542440572942205	0.0
TATATCCAGGCTTAAAACTTTAGG-1_2	0.0	911.5033499087345	0.0	0.0	0.0	0.0	0.0	2.0994124079521255
TATCGCTCACCACAAAACTTTAGG-1_2	460.8066137784086	14.598557917791025	113.58774660250934	0.0	4.183065284557736	15.801796202812188	50.3226632642534	0.0
TATGACTTCATCCAGCACTTTAGG-1_2	80.3312163660554	157.38732952690785	210.57833723942449	0.0	7.501545031722239	2.6751580587636483	18.847827231517027	20.329212339619247
TATGTCCCATGAGCTAACTTTAGG-1_2	0.0	0.0	0.0	437.5901891378959	0.0	63.1851056919221	0.0	539.3194026630077
TATTGCCCAAGTTGCAACTTTAGG-1_2	0.0	652.7201620159777	0.0	14.321592366445957	36.252036372396596	8.150465059246688	14.839542229122747	0.07379521147404396
TCAACTAGTGCATCGCACTTTAGG-1_2	34.78222685090871	49.5093035477112	34.22824648123616	482.09776559085014	15.949536668422196	0.0	3.8383504546889116	0.0
TCAATGGCATTTGCTAACTTTAGG-1_2	63.7409574204518	20.716885862955348	20.63938286781825	2.6789087300554786	0.0	392.1364871757916	0.0	0.0
TCACTCGCACCTACTGACTTTAGG-1_2	593.8713328448035	0.0	0.0	0.0	0.0	0.0	0.0	0.0
TCATGAAAGCTCAAGGACTTTAGG-1_2	0.0	0.0	0.0	0.0	0.0	1102.6820260803036	0.0	6.61705375369281
TCCAAGTGTAATGCGAACTTTAGG-1_2	0.0	0.0	0.0	0.0	945.7811584050565	0.0	0.0	0.0
TCCATTACATAAGCTGACTTTAGG-1_2	0.0	0.0	0.0	0.0	0.0	1144.3076194035784	0.0	0.0
TCCTTCTAGTTGACGGACTTTAGG-1_2	29.40095975054561	10.842988191481723	0.0	670.5602614348691	31.04114424207997	38.96615370352521	11.933119865369578	13.444932795418493
TCGCGCTCATAATGACACTTTAGG-1_2	0.0	931.6870386322709	56.251079668349846	0.0	8.144454427541502	0.0	0.0	0.0
TCTAACAGTTTCAGGTACTTTAGG-1_2	486.82228507019596	27.868895668522335	53.44886588494855	28.976798492566196	4.595839251001326	0.0	8.725058017166123	0.0
TCTCGCCTCCTTTGGAACTTTAGG-1_2	713.2747742520688	0.0	0.0	0.0	0.0	0.0	0.0	0.0
TGAACCTGTGTTAGCTACTTTAGG-1_2	10.574435015608923	388.05484101873003	70.24101930144087	13.76783650936153	27.481694440501347	38.79591752006844	6.800251884448707	0.0
TGAAGGAAGGTTATGAACTTTAGG-1_2	0.0	0.0	0.0	1266.4114413201294	0.0	0.0	0.0	0.0
TGATTTGGTATTGCGTACTTTAGG-1_2	82.33349304531734	41.04012271678357	454.2332169227146	6.819481530154414	11.290029511054742	18.584602142549965	40.09459805222219	9.16248325747458
TGATTTGGTTTGTCCCACTTTAGG-1_2	385.254228428042	113.1863698935244	116.01398193032473	8.86618327680033	4.859171044687704	0.0	16.66740112382495	5.419497017189448
TGCCGGTGTACGTAAGACTTTAGG-1_2	0.0	0.0	0.0	0.0	3.1855621607061626	0.0	0.0	933.7643115909938
TGCGCTAGTAAACCCTACTTTAGG-1_2	429.48773869712863	126.69954729718118	38.35112652030397	0.0	3.7433486080127394	13.782180728512623	18.8974048996112	3.647192468491558
TGCGCTAGTAACTACCACTTTAGG-1_2	193.222622153656	86.42465536199838	118.12440197149454	0.0	0.9771382099252366	18.08948882398381	30.650988862792364	0.0
TGCGCTTAGGTCTTGCACTTTAGG-1_2	353.42339953410084	124.01895095134671	86.4301480644897	36.439524874260904	13.264778030567905	24.465861390907918	20.375911588437678	0.0
TGCGGAATCCTAAGTTACTTTAGG-1_2	11.843369669339175	6.046171075978009	15.56139950554642	14.628502063167945	650.356927901109	18.464850991964752	7.984609210060767	15.413774696144316
TGCTTAAGTTCGAATCACTTTAGG-1_2	0.0	652.7224428608007	12.637942868733212	4.069797172051481	0.0	11.187994934733444	8.792186641108975	0.0
TGGAAACTCGAAGTTAACTTTAGG-1_2	80.66322735364912	537.50484087058	0.0	0.0	0.0	9.776142836406496	6.316554147155315	0.0
TGGATCGAGCAAAGCTACTTTAGG-1_2	295.8070448776271	24.50512801235753	0.0	188.2763339871584	20.714215554326564	17.59176757010252	43.90878712331262	23.035213459985265
TGGCGTGCATATAGGTACTTTAGG-1_2	36.042222015286754	259.6420920767162	47.400772006473325	53.2429465330436	45.80680405418138	30.371947343417713	72.48878379680069	60.164358851111736
TGGGTTTGTAGGTTTCACTTTAGG-1_2	6.49761050418729	0.0	652.6969891467822	0.0	31.526799714729087	0.0	0.0	3.2451004936407273
TGGTCAACAAGTTGCAACTTTAGG-1_2	698.4514138874064	0.0	0.0	2.7044071522578785	5.915402543298474	9.77515639139425	0.5523231519828968	7.20685417965961
TGGTTAAAGTAGCGCAACTTTAGG-1_2	12.41948880950309	2.068685570097669	542.958861714577	0.0	0.0	0.0	72.53424829598332	0.0
TGTGCTGGTACTAACCACTTTAGG-1_2	0.0	37.1975643721985	0.0	736.1246407813853	9.283393554370248	213.55938729431855	0.0	113.48577350062223
TGTTAGTTCAGGCTGAACTTTAGG-1_2	331.07263241027147	141.8034507798096	137.7685481003118	12.986303875730524	38.03573187493334	45.69738126822051	4.0532745875659675	0.0
TGTTCCTTCGTCCCGAACTTTAGG-1_2	0.0	0.0	769.6079418765363	0.0	0.0	0.0	0.0	0.0
TGTTCTTGTTATGTGCACTTTAGG-1_2	693.0133490845867	0.0	0.0	0.0	0.0	0.0	0.0	0.0
TTAGAGCAGAATGGGAACTTTAGG-1_2	0.0	652.1480895803979	35.7444471397851	1.0565202829151763	35.4351395671296	0.0	26.164753802195435	0.0
TTAGCGGAGGTGAATCACTTTAGG-1_2	108.35093553921224	680.9954487118952	16.933059873636886	113.21972346896486	0.0	11.150950477021027	13.95435486659523	0.0
TTAGGTGCAAGCCTAAACTTTAGG-1_2	552.2913380538853	12.693065009515506	0.0	0.0	0.0	0.0	34.26018784380101	3.9428452688178135
TTAGGTGCATAAGTCGACTTTAGG-1_2	364.69275431262184	34.70837268210542	32.196478363252446	20.646227599546005	19.22701866353171	0.5314582934741579	47.914437281931235	0.0
TTAGTTGGTATTACCAACTTTAGG-1_2	351.914217440946	40.64464975582546	79.48097920017044	0.0	35.142052212617415	0.0	0.0	0.09407395517799481
TTCAACTAGTCACCTAACTTTAGG-1_2	0.0	0.0	703.6775966589535	0.0	0.0	0.0	0.0	0.0
TTCCTCCCACTTCGATACTTTAGG-1_2	0.5091617473243722	0.0	0.0	0.0	0.5363093950657677	777.2645728590062	21.617145540390908	67.10648762726838
TTCGATTAGCAGGCTAACTTTAGG-1_2	10.086091428999831	76.86475671182055	493.3675945194965	9.137753305368518	14.5940552636171	5.566813126272687	0.0	0.0
TTGAACAAGTTTGAGAACTTTAGG-1_2	63.808306872550496	304.8639550587876	32.470072107131614	40.176428062894594	0.0	28.174987248360445	0.0	91.87344924180508
TTGACATTCACAAACAACTTTAGG-1_2	239.71587861874278	132.08175805199585	43.677679613410646	0.0	13.696470030620917	22.2278772389056	15.507513615079821	6.282206323352167
TTGAGGAGTCACACCAACTTTAGG-1_2	444.82956671444373	54.396061835754125	26.333141286122988	4.76734862432808	3.6519726195996136	9.99655076210608	45.330851758664075	0.0
TTGAGGAGTTGCGGCTACTTTAGG-1_2	814.717416542515	9.140855284202495	0.0	7.121028573545388	0.0	4.177550738296233	10.50027144014834	0.0
TTGTTGTAGTGAATCAACTTTAGG-1_2	0.0	26.54332011623907	0.0	6.993967573986306	19.24687030817302	662.3474065743973	44.94313950387159	35.001245386915826
TTTAGTCAGTTACAGAACTTTAGG-1_2	28.91688057245197	588.3189346207038	0.0	7.881058665168734	27.72202197269392	0.0	0.0	7.3113204033385175
TTTCACCTCCTAAATCACTTTAGG-1_2	573.9686495405442	1.8099288316808115	26.106683106818394	0.0	0.0	0.0	0.0	0.0
TTTCACCTCGTTGCACACTTTAGG-1_2	494.11082368490264	10.318662487390212	16.834818874470237	0.25504782411561416	8.070475518146655	0.0	17.3752155043196	0.0
